                                                       ___  ____  ____  ____  ____(R)
                                                      /__    /   ____/   /   ____/   
                                                     ___/   /   /___/   /   /___/    
                                                       Statistics/Data Analysis      
      
      
     1 . 
      end of do-file
      
     2 . do "/var/folders/sv/xlgkbm653t72t6m0s9k0wx5c0000gn/T//SD04597.000000"
      
     3 . //Poisson Model with last
     4 . poisson n mean_diff mean_diff_last population i.ncandidate i.week i.nstate if week > 1
      
      Iteration 0:   log likelihood = -9113.8577  
      Iteration 1:   log likelihood =  -6457.808  
      Iteration 2:   log likelihood =  -4431.754  
      Iteration 3:   log likelihood = -4389.8326  
      Iteration 4:   log likelihood = -4389.7587  
      Iteration 5:   log likelihood = -4389.7587  
      
      Poisson regression                              Number of obs     =      3,822
                                                      LR chi2(129)      =    6201.75
                                                      Prob > chi2       =     0.0000
      Log likelihood = -4389.7587                     Pseudo R2         =     0.4140
      
      ---------------------------------------------------------------------------------
                    n |      Coef.   Std. Err.      z    P>|z|     [95% Conf. Interval]
      ----------------+----------------------------------------------------------------
            mean_diff |   .7715967   .3454606     2.23   0.026     .0945063    1.448687
       mean_diff_last |  -.3325172   .2763629    -1.20   0.229    -.8741786    .2091441
           population |   2.34e-07   2.49e-07     0.94   0.348    -2.54e-07    7.23e-07
                      |
           ncandidate |
               Trump  |  -.0688824   .1109884    -0.62   0.535    -.2864157    .1486508
                      |
                 week |
                   3  |  -.2765933   .1708969    -1.62   0.106     -.611545    .0583583
                   4  |  -.1469933   .1645827    -0.89   0.372    -.4695694    .1755828
                   5  |  -.1431515   .1656037    -0.86   0.387    -.4677287    .1814258
                   6  |  -.2465338   .1697921    -1.45   0.147    -.5793201    .0862525
                   7  |  -.2137415   .1688035    -1.27   0.205    -.5445903    .1171073
                   8  |  -.0728316   .1647116    -0.44   0.658    -.3956604    .2499972
                   9  |  -.0096311   .1609567    -0.06   0.952    -.3251005    .3058384
                  10  |  -.3107316   .1731914    -1.79   0.073    -.6501806    .0287174
                  11  |  -.1803505   .1680082    -1.07   0.283    -.5096405    .1489395
                  12  |  -.2418414   .1698175    -1.42   0.154    -.5746776    .0909948
                  13  |  -.0074949   .1625923    -0.05   0.963      -.32617    .3111803
                  14  |  -.2090534   .1707032    -1.22   0.221    -.5436255    .1255187
                  15  |  -.1384239   .1674946    -0.83   0.409    -.4667072    .1898594
                  16  |  -.3482513   .1773194    -1.96   0.050    -.6957908   -.0007117
                  17  |  -.1044449     .16648    -0.63   0.530    -.4307397    .2218499
                  18  |    -.36764   .1773714    -2.07   0.038    -.7152815   -.0199984
                  19  |  -.4091001    .178817    -2.29   0.022    -.7595751   -.0586252
                  20  |  -.2797047   .1726169    -1.62   0.105    -.6180277    .0586182
                  21  |  -.1000347   .1660744    -0.60   0.547    -.4255344    .2254651
                  22  |  -.3955593   .1782062    -2.22   0.026     -.744837   -.0462816
                  23  |  -.4396983   .1807809    -2.43   0.015    -.7940224   -.0853743
                  24  |  -.6851804   .1937693    -3.54   0.000    -1.064961   -.3053995
                  25  |  -.2038792   .1693261    -1.20   0.229    -.5357521    .1279938
                  26  |  -.3994047   .1781835    -2.24   0.025    -.7486379   -.0501714
                  27  |  -.4426523   .1804617    -2.45   0.014    -.7963507   -.0889539
                  28  |  -.4293602   .1801571    -2.38   0.017    -.7824615   -.0762588
                  29  |  -.1743417   .1705507    -1.02   0.307     -.508615    .1599315
                  30  |  -.3355279   .1774623    -1.89   0.059    -.6833476    .0122918
                  31  |  -.4902089   .1843317    -2.66   0.008    -.8514924   -.1289254
                  32  |  -.5010888   .1848346    -2.71   0.007    -.8633579   -.1388197
                  33  |  -.7703986   .1995233    -3.86   0.000    -1.161457   -.3793401
                  34  |  -.7797935   .2004764    -3.89   0.000     -1.17272    -.386867
                  35  |  -.8289286   .2037052    -4.07   0.000    -1.228184   -.4296736
                  36  |  -.7600114   .1991548    -3.82   0.000    -1.150348   -.3696751
                  37  |  -.7066466   .1963816    -3.60   0.000    -1.091548   -.3217457
                  38  |  -.8182271   .2029657    -4.03   0.000    -1.216033   -.4204216
                  39  |  -.4697748   .1830882    -2.57   0.010    -.8286209   -.1109286
                  40  |  -.5679226   .1892121    -3.00   0.003    -.9387716   -.1970737
                  41  |  -.6664592   .1947402    -3.42   0.001    -1.048143   -.2847755
                  42  |  -.5188355   .1893524    -2.74   0.006    -.8899594   -.1477117
                  43  |  -.7097659    .201551    -3.52   0.000    -1.104799   -.3147331
                  44  |  -.4515332   .1890006    -2.39   0.017    -.8219676   -.0810988
                  45  |  -.4541344   .1891955    -2.40   0.016    -.8249507   -.0833181
                  46  |  -.3906089   .1854786    -2.11   0.035    -.7541402   -.0270776
                  47  |  -.4454709   .1879696    -2.37   0.018    -.8138845   -.0770573
                  48  |   -.597616   .1959928    -3.05   0.002    -.9817548   -.2134773
                  49  |   -.576762   .1971686    -2.93   0.003    -.9632053   -.1903187
                  50  |  -.4247486   .1910759    -2.22   0.026    -.7992506   -.0502467
                  51  |   -.474993   .1944144    -2.44   0.015    -.8560382   -.0939477
                  52  |  -.5139917   .1949141    -2.64   0.008    -.8960162   -.1319672
                  53  |  -.2827947   .1825099    -1.55   0.121    -.6405076    .0749182
                  54  |  -.4256477   .1892978    -2.25   0.025    -.7966646   -.0546307
                  55  |  -.5846731   .1968145    -2.97   0.003    -.9704224   -.1989238
                  56  |  -.5262988   .1964289    -2.68   0.007    -.9112923   -.1413053
                  57  |  -.6736879   .2061393    -3.27   0.001    -1.077714   -.2696623
                  58  |  -.4734308   .1962099    -2.41   0.016    -.8579952   -.0888665
                  59  |  -.4796469   .1949519    -2.46   0.014    -.8617456   -.0975483
                  60  |  -.3855944   .1889692    -2.04   0.041    -.7559671   -.0152217
                  61  |  -.3107582   .1855593    -1.67   0.094    -.6744478    .0529313
                  62  |  -.2044013   .1854881    -1.10   0.270    -.5679514    .1591487
                  63  |  -.0077262   .1805554    -0.04   0.966    -.3616082    .3461558
                  64  |  -.1072508   .1824606    -0.59   0.557    -.4648669    .2503653
                  65  |  -.4069306   .1987554    -2.05   0.041    -.7964841   -.0173771
                  66  |  -.1066552   .1826558    -0.58   0.559     -.464654    .2513435
                  67  |  -.4351594   .1934292    -2.25   0.024    -.8142736   -.0560451
                  68  |  -.2780966   .1878182    -1.48   0.139    -.6462135    .0900203
                  69  |  -.5205476   .1952337    -2.67   0.008    -.9031986   -.1378965
                  70  |  -.3698059   .1911176    -1.93   0.053    -.7443894    .0047777
                  71  |  -.3261056   .1926263    -1.69   0.090    -.7036462    .0514349
                  72  |  -.3023829   .1916844    -1.58   0.115    -.6780775    .0733116
                  73  |   -.167808   .1903502    -0.88   0.378    -.5408875    .2052716
                  74  |  -.1746857   .1891979    -0.92   0.356    -.5455067    .1961354
                  75  |  -.4069192   .1973521    -2.06   0.039    -.7937223   -.0201162
                  76  |  -.2251391   .1917846    -1.17   0.240      -.60103    .1507518
                  77  |  -.3602411   .2002453    -1.80   0.072    -.7527147    .0322325
                  78  |  -.2765221   .1988951    -1.39   0.164    -.6663494    .1133051
                  79  |  -.2734593   .1998161    -1.37   0.171    -.6650916    .1181731
                      |
               nstate |
              Alaska  |   .8258228   1.086662     0.76   0.447    -1.303996    2.955642
             Arizona  |   1.826906   .5679677     3.22   0.001     .7137102    2.940103
            Arkansas  |  -.4839291   .6480924    -0.75   0.455    -1.754167    .7863086
          California  |  -4.275487   8.541123    -0.50   0.617    -21.01578    12.46481
            Colorado  |   1.423434   .3319687     4.29   0.000     .7727877    2.074081
         Connecticut  |   2.183036   .4431602     4.93   0.000     1.314458    3.051614
            Delaware  |   .6517322   1.047572     0.62   0.534    -1.401472    2.704937
             Florida  |  -2.338471   3.898026    -0.60   0.549    -9.978462     5.30152
             Georgia  |  -.3263526   1.374409    -0.24   0.812    -3.020145     2.36744
               Idaho  |   .7179653   .8653722     0.83   0.407     -.978133    2.414064
            Illinois  |  -.1311791   2.014141    -0.07   0.948    -4.078823    3.816465
             Indiana  |   1.009816   .5163851     1.96   0.051    -.0022801    2.021912
                Iowa  |  -.2841047   .5974375    -0.48   0.634    -1.455061    .8868513
              Kansas  |   1.823671   .5564602     3.28   0.001     .7330294    2.914313
            Kentucky  |   2.569258    .274787     9.35   0.000     2.030685     3.10783
           Louisiana  |   .7749266   .2993541     2.59   0.010     .1882034     1.36165
               Maine  |   1.358304   .9304203     1.46   0.144    -.4652864    3.181894
            Maryland  |   .2370937   .4343029     0.55   0.585    -.6141242    1.088312
       Massachusetts  |    2.32207    .561492     4.14   0.000     1.221566    3.422574
            Michigan  |   1.825235   1.296679     1.41   0.159    -.7162097     4.36668
           Minnesota  |   1.637444   .3276529     5.00   0.000     .9952565    2.279632
         Mississippi  |  -1.249479   .7817471    -1.60   0.110    -2.781676    .2827169
            Missouri  |   1.486158   .4062591     3.66   0.000     .6899045    2.282411
             Montana  |   1.385519   1.002773     1.38   0.167    -.5798803    3.350918
            Nebraska  |   1.128311   .8010697     1.41   0.159    -.4417567    2.698379
              Nevada  |   1.602077   .5668621     2.83   0.005     .4910478    2.713106
       New Hampshire  |   .9205098   .9396113     0.98   0.327    -.9210945    2.762114
          New Jersey  |   1.585505   1.041113     1.52   0.128     -.455039    3.626049
          New Mexico  |  -.0510255   .8068046    -0.06   0.950    -1.632333    1.530283
            New York  |  -1.050875   3.701096    -0.28   0.776     -8.30489    6.203139
      North Carolina  |   .9644933   1.332083     0.72   0.469    -1.646341    3.575328
        North Dakota  |   1.242699   1.075835     1.16   0.248    -.8658987    3.351297
                Ohio  |   1.900479   1.704773     1.11   0.265    -1.440814    5.241772
            Oklahoma  |   .9341877   .3788336     2.47   0.014     .1916874    1.676688
              Oregon  |   1.571082   .3507948     4.48   0.000      .883537    2.258628
        Pennsylvania  |  -.7202273   1.995858    -0.36   0.718    -4.632037    3.191583
        Rhode Island  |  -.5968464   1.101881    -0.54   0.588    -2.756493      1.5628
      South Carolina  |   .9719191   .2844064     3.42   0.001     .4144927    1.529345
        South Dakota  |   .3519993   1.080248     0.33   0.745    -1.765249    2.469247
           Tennessee  |   1.895017   .5073979     3.73   0.000     .9005358    2.889499
               Texas  |  -3.077402   5.710698    -0.54   0.590    -14.27016     8.11536
                Utah  |   1.712383   .5348198     3.20   0.001      .664155     2.76061
             Vermont  |   1.103658   1.111311     0.99   0.321    -1.074471    3.281787
            Virginia  |   1.216123   .9276766     1.31   0.190    -.6020899    3.034335
          Washington  |    2.19765   .6569365     3.35   0.001     .9100777    3.485222
       West Virginia  |   1.744852   .8054994     2.17   0.030     .1661021    3.323602
           Wisconsin  |   .3379212   .3790437     0.89   0.373    -.4049908    1.080833
             Wyoming  |  -.1778981   1.181711    -0.15   0.880     -2.49401    2.138214
                      |
                _cons |  -2.721198   1.262267    -2.16   0.031    -5.195195   -.2472007
      ---------------------------------------------------------------------------------
      
     5 . xtpoisson n mean_diff mean_diff_last population i.ncandidate i.week if week > 1, fe vce(robust)
      
      Iteration 0:   log pseudolikelihood = -4346.9399  
      Iteration 1:   log pseudolikelihood = -4250.2713  
      Iteration 2:   log pseudolikelihood = -4248.8113  
      Iteration 3:   log pseudolikelihood = -4248.8104  
      Iteration 4:   log pseudolikelihood = -4248.8104  
      
      Conditional fixed-effects Poisson regression    Number of obs     =      3,822
      Group variable: nstate                          Number of groups  =         49
      
                                                      Obs per group:
                                                                    min =         78
                                                                    avg =       78.0
                                                                    max =         78
      
                                                      Wald chi2(81)     =    6055.03
      Log pseudolikelihood  = -4248.8104              Prob > chi2       =     0.0000
      
                                         (Std. Err. adjusted for clustering on nstate)
      --------------------------------------------------------------------------------
                     |               Robust
                   n |      Coef.   Std. Err.      z    P>|z|     [95% Conf. Interval]
      ---------------+----------------------------------------------------------------
           mean_diff |   .7715967   .3170345     2.43   0.015     .1502206    1.392973
      mean_diff_last |  -.3325172   .3317248    -1.00   0.316    -.9826859    .3176514
          population |   2.34e-07   3.50e-07     0.67   0.504    -4.52e-07    9.20e-07
                     |
          ncandidate |
              Trump  |  -.0688824   .0786667    -0.88   0.381    -.2230664    .0853016
                     |
                week |
                  3  |  -.2765933   .1906072    -1.45   0.147    -.6501766    .0969899
                  4  |  -.1469933   .1570162    -0.94   0.349    -.4547393    .1607527
                  5  |  -.1431515   .1807976    -0.79   0.428    -.4975082    .2112053
                  6  |  -.2465338   .1520208    -1.62   0.105    -.5444891    .0514215
                  7  |  -.2137415   .1592225    -1.34   0.179    -.5258117    .0983288
                  8  |  -.0728316   .1573923    -0.46   0.644    -.3813148    .2356516
                  9  |  -.0096311   .1734227    -0.06   0.956    -.3495334    .3302713
                 10  |  -.3107316   .1896981    -1.64   0.101     -.682533    .0610699
                 11  |  -.1803505   .1569937    -1.15   0.251    -.4880525    .1273514
                 12  |  -.2418414   .1885206    -1.28   0.200     -.611335    .1276522
                 13  |  -.0074949   .1831933    -0.04   0.967    -.3665471    .3515574
                 14  |  -.2090534   .1924531    -1.09   0.277    -.5862545    .1681477
                 15  |  -.1384239   .1561317    -0.89   0.375    -.4444365    .1675886
                 16  |  -.3482513   .2034431    -1.71   0.087    -.7469925    .0504899
                 17  |  -.1044449   .1493876    -0.70   0.484    -.3972392    .1883494
                 18  |    -.36764   .1372401    -2.68   0.007    -.6366256   -.0986543
                 19  |  -.4091001   .2240391    -1.83   0.068    -.8482086    .0300084
                 20  |  -.2797047   .1772863    -1.58   0.115    -.6271794      .06777
                 21  |  -.1000347   .1914668    -0.52   0.601    -.4753027    .2752334
                 22  |  -.3955593    .170066    -2.33   0.020    -.7288826   -.0622361
                 23  |  -.4396983   .1973931    -2.23   0.026    -.8265818   -.0528149
                 24  |  -.6851804   .1931679    -3.55   0.000    -1.063782   -.3065783
                 25  |  -.2038792   .1949639    -1.05   0.296    -.5860014    .1782431
                 26  |  -.3994047   .2212619    -1.81   0.071    -.8330701    .0342607
                 27  |  -.4426523    .208367    -2.12   0.034     -.851044   -.0342606
                 28  |  -.4293602   .2109072    -2.04   0.042    -.8427306   -.0159897
                 29  |  -.1743417   .2049053    -0.85   0.395    -.5759487    .2272652
                 30  |  -.3355279   .2330486    -1.44   0.150    -.7922947    .1212389
                 31  |  -.4902089   .2228442    -2.20   0.028    -.9269755   -.0534422
                 32  |  -.5010888    .222158    -2.26   0.024    -.9365105   -.0656671
                 33  |  -.7703986   .1842741    -4.18   0.000    -1.131569   -.4092279
                 34  |  -.7797935   .1839039    -4.24   0.000    -1.140239   -.4193485
                 35  |  -.8289286   .1810458    -4.58   0.000    -1.183772   -.4740853
                 36  |  -.7600114   .1857701    -4.09   0.000    -1.124114   -.3959086
                 37  |  -.7066466   .2134036    -3.31   0.001     -1.12491   -.2883833
                 38  |  -.8182271   .1764461    -4.64   0.000    -1.164055    -.472399
                 39  |  -.4697748   .1905598    -2.47   0.014    -.8432652   -.0962844
                 40  |  -.5679226   .1677365    -3.39   0.001    -.8966802    -.239165
                 41  |  -.6664592   .2339086    -2.85   0.004    -1.124912   -.2080069
                 42  |  -.5188355   .2005968    -2.59   0.010    -.9119981    -.125673
                 43  |  -.7097659    .221943    -3.20   0.001    -1.144766   -.2747657
                 44  |  -.4515332   .2377659    -1.90   0.058    -.9175458    .0144794
                 45  |  -.4541344   .2106254    -2.16   0.031    -.8669526   -.0413162
                 46  |  -.3906089   .2219731    -1.76   0.078    -.8256683    .0444504
                 47  |  -.4454709   .2308218    -1.93   0.054    -.8978732    .0069314
                 48  |   -.597616   .2303387    -2.59   0.009    -1.049071   -.1461606
                 49  |   -.576762   .2131928    -2.71   0.007    -.9946122   -.1589118
                 50  |  -.4247486   .2139977    -1.98   0.047    -.8441764   -.0053208
                 51  |   -.474993   .2325348    -2.04   0.041    -.9307528   -.0192332
                 52  |  -.5139917   .2119038    -2.43   0.015    -.9293156   -.0986678
                 53  |  -.2827947   .1915824    -1.48   0.140    -.6582893    .0926999
                 54  |  -.4256477   .1746507    -2.44   0.015    -.7679568   -.0833385
                 55  |  -.5846731   .1679003    -3.48   0.000    -.9137515   -.2555947
                 56  |  -.5262988   .2167767    -2.43   0.015    -.9511734   -.1014243
                 57  |  -.6736879   .2392171    -2.82   0.005    -1.142545    -.204831
                 58  |  -.4734308   .1990155    -2.38   0.017     -.863494   -.0833676
                 59  |  -.4796469   .1642747    -2.92   0.004    -.8016194   -.1576744
                 60  |  -.3855944    .171222    -2.25   0.024    -.7211834   -.0500054
                 61  |  -.3107582   .1780848    -1.75   0.081    -.6597981    .0382816
                 62  |  -.2044013   .2104139    -0.97   0.331    -.6168049    .2080023
                 63  |  -.0077262   .1803792    -0.04   0.966     -.361263    .3458105
                 64  |  -.1072508   .1783126    -0.60   0.548    -.4567372    .2422356
                 65  |  -.4069306   .2212509    -1.84   0.066    -.8405744    .0267132
                 66  |  -.1066552   .1940238    -0.55   0.583     -.486935    .2736245
                 67  |  -.4351594   .1805368    -2.41   0.016     -.789005   -.0813137
                 68  |  -.2780966   .2104403    -1.32   0.186    -.6905519    .1343587
                 69  |  -.5205476   .2198423    -2.37   0.018    -.9514306   -.0896645
                 70  |  -.3698059    .208423    -1.77   0.076    -.7783074    .0386957
                 71  |  -.3261056    .188458    -1.73   0.084    -.6954765    .0432653
                 72  |  -.3023829   .2034093    -1.49   0.137    -.7010579     .096292
                 73  |   -.167808   .1576175    -1.06   0.287    -.4767327    .1411167
                 74  |  -.1746857   .2220105    -0.79   0.431    -.6098182    .2604469
                 75  |  -.4069192   .1773443    -2.29   0.022    -.7545077   -.0593308
                 76  |  -.2251391   .2003056    -1.12   0.261    -.6177309    .1674527
                 77  |  -.3602411   .1921632    -1.87   0.061     -.736874    .0163918
                 78  |  -.2765221   .1783221    -1.55   0.121     -.626027    .0729828
                 79  |  -.2734593   .2210727    -1.24   0.216    -.7067537    .1598352
      --------------------------------------------------------------------------------
      
     6 . 
     7 . //OLS with last
     8 . reg n mean_diff mean_diff_last population i.ncandidate i.week i.nstate if week > 1, cluster(nstate) robust
      
      Linear regression                               Number of obs     =      3,822
                                                      F(47, 48)         =          .
                                                      Prob > F          =          .
                                                      R-squared         =     0.6534
                                                      Root MSE          =     1.2581
      
                                         (Std. Err. adjusted for 49 clusters in nstate)
      ---------------------------------------------------------------------------------
                      |               Robust
                    n |      Coef.   Std. Err.      t    P>|t|     [95% Conf. Interval]
      ----------------+----------------------------------------------------------------
            mean_diff |   1.027278   .7296765     1.41   0.166     -.439835    2.494391
       mean_diff_last |  -.4594501   .4131465    -1.11   0.272    -1.290137    .3712366
           population |   2.99e-07   7.81e-07     0.38   0.703    -1.27e-06    1.87e-06
                      |
           ncandidate |
               Trump  |  -.0453025   .0818807    -0.55   0.583    -.2099347    .1193296
                      |
                 week |
                   3  |  -.3768839   .3080294    -1.22   0.227    -.9962185    .2424506
                   4  |  -.2514263    .265464    -0.95   0.348    -.7851774    .2823248
                   5  |   -.233199   .3244674    -0.72   0.476    -.8855845    .4191865
                   6  |  -.3847344   .2890383    -1.33   0.189    -.9658849    .1964161
                   7  |  -.3283098   .2952321    -1.11   0.272    -.9219137    .2652942
                   8  |  -.0785186   .3081278    -0.25   0.800     -.698051    .5410139
                   9  |   .0033783   .3190252     0.01   0.992    -.6380649    .6448215
                  10  |   -.447131   .3291896    -1.36   0.181    -1.109011    .2147491
                  11  |  -.2762676   .2838638    -0.97   0.335     -.847014    .2944788
                  12  |  -.3575332   .3303811    -1.08   0.285    -1.021809    .3067426
                  13  |   .0275797   .3765551     0.07   0.942     -.729535    .7846944
                  14  |  -.2978904   .3526445    -0.84   0.402     -1.00693    .4111489
                  15  |  -.2057391   .3017498    -0.68   0.499    -.8124476    .4009695
                  16  |  -.4976657   .3649063    -1.36   0.179    -1.231359    .2360276
                  17  |  -.1565847   .2986892    -0.52   0.603    -.7571396    .4439703
                  18  |  -.5202489   .2654409    -1.96   0.056    -1.053954    .0134558
                  19  |  -.5651472   .3724447    -1.52   0.136    -1.313997     .183703
                  20  |  -.4030777   .3145645    -1.28   0.206    -1.035552    .2293967
                  21  |  -.1415055   .3853819    -0.37   0.715    -.9163678    .6333568
                  22  |  -.5560868   .3215913    -1.73   0.090     -1.20269    .0905158
                  23  |  -.6102807   .3671481    -1.66   0.103    -1.348481      .12792
                  24  |  -.8590099   .3328519    -2.58   0.013    -1.528253   -.1897664
                  25  |  -.2947697   .3565987    -0.83   0.413     -1.01176    .4222201
                  26  |  -.5585691    .370962    -1.51   0.139    -1.304438    .1873001
                  27  |  -.6108068   .3760551    -1.62   0.111    -1.366916    .1453026
                  28  |  -.6014192   .3728604    -1.61   0.113    -1.351105    .1482669
                  29  |  -.2570165   .3899868    -0.66   0.513    -1.041138    .5271045
                  30  |   -.483817    .433415    -1.12   0.270    -1.355256    .3876223
                  31  |  -.6746637   .4083451    -1.65   0.105    -1.495696    .1463691
                  32  |   -.679205   .3952399    -1.72   0.092    -1.473888    .1154781
                  33  |  -.9399537   .3536664    -2.66   0.011    -1.651048   -.2288598
                  34  |  -.9509631   .3680346    -2.58   0.013    -1.690946   -.2109801
                  35  |  -.9869058   .3185359    -3.10   0.003    -1.627365   -.3464463
                  36  |  -.9185655   .3471852    -2.65   0.011    -1.616628   -.2205029
                  37  |   -.879944   .3730667    -2.36   0.022    -1.630045   -.1298431
                  38  |  -.9766079   .3438568    -2.84   0.007    -1.667978   -.2852375
                  39  |  -.6278257   .3355894    -1.87   0.067    -1.302573     .046922
                  40  |  -.7445164   .3253746    -2.29   0.027    -1.398726    -.090307
                  41  |  -.8409831     .38308    -2.20   0.033    -1.611217   -.0707492
                  42  |   -.689229   .3684323    -1.87   0.067    -1.430012    .0515539
                  43  |  -.9012574   .4194012    -2.15   0.037     -1.74452   -.0579948
                  44  |  -.6136911    .453081    -1.35   0.182    -1.524672    .2972893
                  45  |  -.6237311   .4050815    -1.54   0.130    -1.438202    .1907398
                  46  |  -.5345619   .4263718    -1.25   0.216     -1.39184    .3227161
                  47  |  -.6046611   .4442267    -1.36   0.180    -1.497839    .2885166
                  48  |  -.7890242   .4408585    -1.79   0.080     -1.67543    .0973812
                  49  |  -.7738382   .3893361    -1.99   0.053    -1.556651    .0089745
                  50  |  -.5912802   .4261174    -1.39   0.172    -1.448047    .2654863
                  51  |  -.6477169   .4604071    -1.41   0.166    -1.573427    .2779936
                  52  |  -.6881525   .4209951    -1.63   0.109     -1.53462    .1583149
                  53  |  -.3856894   .3496916    -1.10   0.276    -1.088791    .3174127
                  54  |  -.5777664   .3320772    -1.74   0.088    -1.245452    .0899196
                  55  |  -.7691382   .3460434    -2.22   0.031    -1.464905   -.0733714
                  56  |  -.7032533   .3999228    -1.76   0.085    -1.507352    .1008454
                  57  |  -.8710054   .4476058    -1.95   0.058    -1.770977    .0289665
                  58  |  -.6421826   .3901239    -1.65   0.106    -1.426579    .1422141
                  59  |  -.6475353   .3693714    -1.75   0.086    -1.390206    .0951357
                  60  |  -.5307547    .352753    -1.50   0.139    -1.240012    .1785026
                  61  |  -.4352986   .3297691    -1.32   0.193    -1.098344    .2277465
                  62  |  -.2758482   .4097212    -0.67   0.504    -1.099648    .5479516
                  63  |   .0706643   .4220017     0.17   0.868     -.777827    .9191556
                  64  |  -.1314078    .409869    -0.32   0.750    -.9555046     .692689
                  65  |  -.5483626   .4516079    -1.21   0.231    -1.456381    .3596559
                  66  |  -.1136492   .3680546    -0.31   0.759    -.8536726    .6263742
                  67  |  -.5888477   .3572268    -1.65   0.106      -1.3071    .1294049
                  68  |  -.3794733    .398804    -0.95   0.346    -1.181323    .4223758
                  69  |  -.6978001   .3754911    -1.86   0.069    -1.452776    .0571752
                  70  |  -.5064844   .4511017    -1.12   0.267    -1.413485    .4005164
                  71  |  -.4449074    .382237    -1.16   0.250    -1.213446    .3236315
                  72  |  -.4175143   .4338468    -0.96   0.341    -1.289822     .454793
                  73  |  -.1960735    .343443    -0.57   0.571    -.8866118    .4944649
                  74  |  -.2146263   .4127621    -0.52   0.605     -1.04454    .6152875
                  75  |  -.5631784   .3466312    -1.62   0.111    -1.260127    .1337704
                  76  |  -.2899908   .4349246    -0.67   0.508    -1.164465    .5844838
                  77  |  -.5219654   .4316066    -1.21   0.232    -1.389769    .3458377
                  78  |  -.3965368   .4034157    -0.98   0.331    -1.207659    .4145849
                  79  |  -.3856351   .4438405    -0.87   0.389    -1.278036     .506766
                      |
               nstate |
              Alaska  |   1.212251   3.224117     0.38   0.709    -5.270271    7.694773
             Arizona  |   1.365412    1.59354     0.86   0.396    -1.838615    4.569438
            Arkansas  |   .3873034   1.454499     0.27   0.791    -2.537163     3.31177
          California  |  -1.832217   26.70447    -0.07   0.946    -55.52516    51.86073
            Colorado  |    .677605   .5033509     1.35   0.185    -.3344497     1.68966
         Connecticut  |   1.631942   1.085903     1.50   0.139     -.551411    3.815296
            Delaware  |   1.167171   3.079756     0.38   0.706    -5.025093    7.359436
             Florida  |   -4.08605   12.18962    -0.34   0.739    -28.59493    20.42283
             Georgia  |  -1.302679    4.22329    -0.31   0.759    -9.794172    7.188815
               Idaho  |   .7974409   2.459796     0.32   0.747    -4.148311    5.743193
            Illinois  |  -1.322717   6.211686    -0.21   0.832    -13.81215    11.16672
             Indiana  |   .1734569   1.366969     0.13   0.900    -2.575018    2.921932
                Iowa  |   .3446061   1.339455     0.26   0.798    -2.348548     3.03776
              Kansas  |   1.217128   1.520864     0.80   0.427    -1.840774     4.27503
            Kentucky  |   2.452811    .341496     7.18   0.000     1.766187    3.139435
           Louisiana  |   .2975589   .1496538     1.99   0.052    -.0033403    .5984581
               Maine  |   1.175004    2.74687     0.43   0.671    -4.347949    6.697956
            Maryland  |  -.1828034   .8852204    -0.21   0.837    -1.962658    1.597052
       Massachusetts  |   2.859886   1.524757     1.88   0.067    -.2058448    5.925616
            Michigan  |    2.84115   3.969141     0.72   0.478    -5.139343    10.82164
           Minnesota  |    .940711   .5166332     1.82   0.075    -.0980497    1.979472
         Mississippi  |   .4417774   1.478257     0.30   0.766    -2.530457    3.414012
            Missouri  |   .7027275   .9923186     0.71   0.482    -1.292463    2.697918
             Montana  |   1.252573   2.980466     0.42   0.676    -4.740055    7.245202
            Nebraska  |    1.01724   2.315425     0.44   0.662    -3.638235    5.672715
              Nevada  |   1.074895   1.544152     0.70   0.490     -2.02983    4.179621
       New Hampshire  |   1.044122   2.745731     0.38   0.705     -4.47654    6.564784
          New Jersey  |   1.372992   3.124198     0.44   0.662    -4.908629    7.654613
          New Mexico  |   .6818881   2.159677     0.32   0.754    -3.660434     5.02421
            New York  |  -2.089187   11.55556    -0.18   0.857    -25.32321    21.14483
      North Carolina  |   .1822055   4.103385     0.04   0.965    -8.068203    8.432614
        North Dakota  |   1.374954   3.232582     0.43   0.672    -5.124587    7.874494
                Ohio  |    4.41596   5.262432     0.84   0.406    -6.164868    14.99679
            Oklahoma  |   .5263035   .7420376     0.71   0.482    -.9656632     2.01827
              Oregon  |    .891599   .6180437     1.44   0.156    -.3510611    2.134259
        Pennsylvania  |  -1.929122   6.200124    -0.31   0.757    -14.39531    10.53706
        Rhode Island  |   .9620569   2.977902     0.32   0.748    -5.025416     6.94953
      South Carolina  |   .3405187   .0580348     5.87   0.000     .2238319    .4572055
        South Dakota  |   1.159363   3.141932     0.37   0.714    -5.157915    7.476642
           Tennessee  |   1.445889   1.376467     1.05   0.299    -1.321684    4.213463
               Texas  |  -4.939986   17.87258    -0.28   0.783    -40.87522    30.99525
                Utah  |   1.110402    1.43676     0.77   0.443    -1.778397    3.999201
             Vermont  |   1.334488   3.327485     0.40   0.690    -5.355868    8.024845
            Virginia  |   .5073421   2.777185     0.18   0.856    -5.076562    6.091246
          Washington  |   2.801519     1.8785     1.49   0.142    -.9754579    6.578496
       West Virginia  |   1.315865   2.369304     0.56   0.581     -3.44794    6.079669
           Wisconsin  |  -.1268667    .714548    -0.18   0.860    -1.563562    1.309828
             Wyoming  |   1.182272   3.354015     0.35   0.726    -5.561427    7.925971
                      |
                _cons |  -1.314624   4.008201    -0.33   0.744    -9.373653    6.744404
      ---------------------------------------------------------------------------------
      
     9 . xtreg n mean_diff mean_diff_last i.ncandidate i.year#i.month_year if week > 1, fe robust
      note: 2015b.year#1b.month_year identifies no observations in the sample
      note: 2015b.year#2.month_year identifies no observations in the sample
      note: 2015b.year#3.month_year identifies no observations in the sample
      note: 2015b.year#4.month_year identifies no observations in the sample
      note: 2016.year#11.month_year omitted because of collinearity
      note: 2016.year#12.month_year identifies no observations in the sample
      
      Fixed-effects (within) regression               Number of obs     =      3,822
      Group variable: nstate                          Number of groups  =         49
      
      R-sq:                                           Obs per group:
           within  = 0.0277                                         min =         78
           between = 0.0822                                         avg =       78.0
           overall = 0.0010                                         max =         78
      
                                                      F(21,48)          =       2.97
      corr(u_i, Xb)  = -0.0910                        Prob > F          =     0.0009
      
                                         (Std. Err. adjusted for 49 clusters in nstate)
      ---------------------------------------------------------------------------------
                      |               Robust
                    n |      Coef.   Std. Err.      t    P>|t|     [95% Conf. Interval]
      ----------------+----------------------------------------------------------------
            mean_diff |   .7502608   .5279265     1.42   0.162    -.3112065    1.811728
       mean_diff_last |  -.2283976   .3545344    -0.64   0.523    -.9412368    .4844416
                      |
           ncandidate |
               Trump  |  -.0110613   .0825952    -0.13   0.894    -.1771302    .1550075
                      |
      year#month_year |
             2015  1  |          0  (empty)
             2015  2  |          0  (empty)
             2015  3  |          0  (empty)
             2015  4  |          0  (empty)
             2015  5  |   .1239675   .3290234     0.38   0.708    -.5375783    .7855133
             2015  6  |   .1549829    .324244     0.48   0.635    -.4969533    .8069191
             2015  7  |   .0912833   .2972774     0.31   0.760     -.506433    .6889997
             2015  8  |   .0236378   .2819246     0.08   0.934    -.5432095    .5904852
             2015  9  |  -.0596954   .2431804    -0.25   0.807    -.5486424    .4292515
             2015 10  |  -.2262286   .2212664    -1.02   0.312    -.6711146    .2186573
             2015 11  |  -.1281807   .2384463    -0.54   0.593    -.6076092    .3512478
             2015 12  |  -.4871281   .2343004    -2.08   0.043    -.9582207   -.0160355
             2016  1  |  -.4574633    .248781    -1.84   0.072    -.9576711    .0427445
             2016  2  |  -.4286699   .2878781    -1.49   0.143    -1.007488    .1501479
             2016  3  |  -.2555141    .302808    -0.84   0.403    -.8643504    .3533221
             2016  4  |  -.2922449   .2047129    -1.43   0.160    -.7038477    .1193579
             2016  5  |  -.2831084   .2103335    -1.35   0.185    -.7060123    .1397955
             2016  6  |   -.189854   .2046414    -0.93   0.358    -.6013132    .2216052
             2016  7  |   .1635967   .2546063     0.64   0.524    -.3483235    .6755169
             2016  8  |  -.0825068   .2139839    -0.39   0.702    -.5127504    .3477367
             2016  9  |   .0658143   .2337227     0.28   0.779    -.4041166    .5357452
             2016 10  |  -.0547486   .2478109    -0.22   0.826    -.5530059    .4435087
             2016 11  |          0  (omitted)
             2016 12  |          0  (empty)
                      |
                _cons |   .8889738   .8271822     1.07   0.288    -.7741875    2.552135
      ----------------+----------------------------------------------------------------
              sigma_u |  1.7147255
              sigma_e |  1.2569096
                  rho |  .65049004   (fraction of variance due to u_i)
      ---------------------------------------------------------------------------------
      
    10 . 
    11 . //Weighted OLS with last
    12 . reg n mean_diff mean_diff_last population i.ncandidate i.week i.nstate [aweight = population] if week > 1,
      >  cluster(nstate) robust
      (sum of wgt is   2.4956e+10)
      
      Linear regression                               Number of obs     =      3,822
                                                      F(47, 48)         =          .
                                                      Prob > F          =          .
                                                      R-squared         =     0.7105
                                                      Root MSE          =     1.7353
      
                                         (Std. Err. adjusted for 49 clusters in nstate)
      ---------------------------------------------------------------------------------
                      |               Robust
                    n |      Coef.   Std. Err.      t    P>|t|     [95% Conf. Interval]
      ----------------+----------------------------------------------------------------
            mean_diff |   1.510898    1.23182     1.23   0.226    -.9658416    3.987639
       mean_diff_last |   -.016167   1.115394    -0.01   0.988    -2.258818    2.226484
           population |   6.22e-07   1.05e-06     0.59   0.558    -1.50e-06    2.74e-06
                      |
           ncandidate |
               Trump  |   .0890437   .1811078     0.49   0.625     -.275098    .4531854
                      |
                 week |
                   3  |  -1.081086   .4616103    -2.34   0.023    -2.009216   -.1529566
                   4  |   .0237783   .4665761     0.05   0.960    -.9143357    .9618924
                   5  |   .0265519   .5531616     0.05   0.962    -1.085654    1.138758
                   6  |   -.396831   .5903161    -0.67   0.505    -1.583741    .7900791
                   7  |   .1386381   .7031321     0.20   0.845    -1.275104     1.55238
                   8  |   .4703742   .9675975     0.49   0.629    -1.475111    2.415859
                   9  |   .3171139   .5804483     0.55   0.587    -.8499556    1.484183
                  10  |  -.0248309   1.022955    -0.02   0.981    -2.081619    2.031957
                  11  |  -.3889182   .4382619    -0.89   0.379    -1.270103    .4922664
                  12  |  -.6771034   .5659598    -1.20   0.237    -1.815042    .4608351
                  13  |    .953592    1.11879     0.85   0.398    -1.295887    3.203071
                  14  |  -.4605943   .6063617    -0.76   0.451    -1.679766    .7585776
                  15  |  -.0851484   .6930284    -0.12   0.903    -1.478575    1.308279
                  16  |  -.3455662   .7668537    -0.45   0.654    -1.887429    1.196297
                  17  |     .41676   .8047637     0.52   0.607    -1.201326    2.034846
                  18  |  -.6045712   .5076588    -1.19   0.240    -1.625288    .4161452
                  19  |  -1.110033   .6229051    -1.78   0.081    -2.362468    .1424014
                  20  |  -.6292906   .4751877    -1.32   0.192     -1.58472    .3261384
                  21  |   .4708064    1.14062     0.41   0.682    -1.822564    2.764177
                  22  |   -.900245   .4535403    -1.98   0.053    -1.812149    .0116588
                  23  |  -.7015426   .6562835    -1.07   0.290    -2.021089    .6180037
                  24  |  -1.023314   .5849441    -1.75   0.087    -2.199423    .1527947
                  25  |  -.6427448   .5745738    -1.12   0.269    -1.798003    .5125133
                  26  |  -1.179067   .5832989    -2.02   0.049    -2.351868   -.0062655
                  27  |  -.7364382   .7759702    -0.95   0.347    -2.296631    .8237544
                  28  |  -1.262619   .5702716    -2.21   0.032    -2.409226   -.1160108
                  29  |  -.1870722   .7996942    -0.23   0.816    -1.794965    1.420821
                  30  |  -.2228952   .9453504    -0.24   0.815     -2.12365    1.677859
                  31  |  -.6018267   .7999538    -0.75   0.456    -2.210242    1.006588
                  32  |  -.8263139   .6621109    -1.25   0.218    -2.157577    .5049493
                  33  |  -1.626334   .5399856    -3.01   0.004    -2.712048   -.5406205
                  34  |  -1.360116   .6245647    -2.18   0.034    -2.615888   -.1043447
                  35  |  -1.459672   .5013275    -2.91   0.005    -2.467658   -.4516851
                  36  |  -1.547154   .5702918    -2.71   0.009    -2.693802   -.4005053
                  37  |  -1.418739   .6120793    -2.32   0.025    -2.649407   -.1880711
                  38  |  -1.390199   .5468514    -2.54   0.014    -2.489718   -.2906805
                  39  |  -.7360121   .6244908    -1.18   0.244    -1.991635    .5196108
                  40  |  -.8075864    .737922    -1.09   0.279    -2.291278    .6761052
                  41  |  -1.056091   .6625553    -1.59   0.118    -2.388248    .2760659
                  42  |  -.5290049   .7241326    -0.73   0.469    -1.984971    .9269612
                  43  |  -1.063561   .9414828    -1.13   0.264    -2.956539    .8294166
                  44  |  -.0445876   1.324187    -0.03   0.973    -2.707044    2.617869
                  45  |   -.675391   .9330405    -0.72   0.473    -2.551395    1.200613
                  46  |  -.6581533    .794354    -0.83   0.411    -2.255309    .9390025
                  47  |  -.2763836   1.042113    -0.27   0.792    -2.371693    1.818926
                  48  |  -.4986824   1.087994    -0.46   0.649    -2.686242    1.688877
                  49  |  -1.565804   .6203775    -2.52   0.015    -2.813156   -.3184511
                  50  |  -.3185609   .8552411    -0.37   0.711    -2.038138    1.401017
                  51  |  -1.326204   .7386935    -1.80   0.079    -2.811447    .1590389
                  52  |  -.6266127   .9462618    -0.66   0.511    -2.529199    1.275974
                  53  |  -.4339891   .7285355    -0.60   0.554    -1.898808     1.03083
                  54  |  -1.209259   .5475544    -2.21   0.032    -2.310191   -.1083272
                  55  |  -.7471484   .7832288    -0.95   0.345    -2.321936    .8276387
                  56  |  -1.328934   .6890896    -1.93   0.060    -2.714441    .0565737
                  57  |  -.8259162   1.037284    -0.80   0.430    -2.911515    1.259682
                  58  |  -.7998213   .6897454    -1.16   0.252    -2.186647    .5870048
                  59  |  -.6276634   .8873459    -0.71   0.483    -2.411792    1.156465
                  60  |   -.591114   .5662726    -1.04   0.302    -1.729681    .5474533
                  61  |  -.9969644   .5499449    -1.81   0.076    -2.102703     .108774
                  62  |   -.288393   .7619746    -0.38   0.707    -1.820446     1.24366
                  63  |   .5502912   1.264214     0.44   0.665    -1.991582    3.092165
                  64  |   .2642024   1.034125     0.26   0.799    -1.815045    2.343449
                  65  |    -.63717   .7479803    -0.85   0.399    -2.141085    .8667452
                  66  |  -.6337108   .5082736    -1.25   0.219    -1.655663    .3882417
                  67  |  -1.022657    .491134    -2.08   0.043    -2.010148   -.0351659
                  68  |  -1.019699   .6266344    -1.63   0.110    -2.279632    .2402336
                  69  |  -1.558806   .7918211    -1.97   0.055    -3.150869    .0332566
                  70  |  -.4387078   1.036789    -0.42   0.674    -2.523312    1.645896
                  71  |  -.5608879   .6498589    -0.86   0.392    -1.867517    .7457411
                  72  |   .0155095   1.062408     0.01   0.988    -2.120605    2.151624
                  73  |   .1090402   .6822398     0.16   0.874    -1.262695    1.480775
                  74  |    -.21331   .6150331    -0.35   0.730    -1.449917    1.023297
                  75  |  -.9723786   .5100409    -1.91   0.063    -1.997885    .0531273
                  76  |    .215826   1.054806     0.20   0.839    -1.905004    2.336656
                  77  |  -.8824621   .6419352    -1.37   0.176    -2.173159    .4082351
                  78  |  -.4189927   .6570855    -0.64   0.527    -1.740152    .9021663
                  79  |  -1.109544   .6590511    -1.68   0.099    -2.434655    .2155667
                      |
               nstate |
              Alaska  |   2.669506   4.349459     0.61   0.542    -6.075667    11.41468
             Arizona  |   .6886059   2.150769     0.32   0.750    -3.635804    5.013016
            Arkansas  |   .9186852   1.966038     0.47   0.642      -3.0343     4.87167
          California  |  -12.43233   36.07674    -0.34   0.732    -84.96949    60.10482
            Colorado  |   .6770044   .7005604     0.97   0.339    -.7315666    2.085575
         Connecticut  |   2.555324   1.450558     1.76   0.085    -.3612188    5.471867
            Delaware  |   2.718325   4.152176     0.65   0.516    -5.630185    11.06683
             Florida  |  -9.174841   16.46193    -0.56   0.580    -42.27377    23.92408
             Georgia  |  -3.120847     5.7015    -0.55   0.587    -14.58448    8.342787
               Idaho  |   1.537719   3.331176     0.46   0.646    -5.160059    8.235497
            Illinois  |  -3.558853   8.399468    -0.42   0.674    -20.44712    13.32941
             Indiana  |  -.3190604    1.84798    -0.17   0.864    -4.034673    3.396552
                Iowa  |   .7902003   1.812383     0.44   0.665     -2.85384    4.434241
              Kansas  |   1.833848   2.053961     0.89   0.376    -2.295917    5.963613
            Kentucky  |   2.636862   .4582839     5.75   0.000      1.71542    3.558303
           Louisiana  |   .3761048   .2019119     1.86   0.069    -.0298664    .7820759
               Maine  |   2.237979   3.712262     0.60   0.549    -5.226024    9.701982
            Maryland  |  -.3341833   1.210883    -0.28   0.784    -2.768828    2.100461
       Massachusetts  |   2.411355    2.07084     1.16   0.250    -1.752347    6.575058
            Michigan  |   1.347082   5.368397     0.25   0.803    -9.446803    12.14097
           Minnesota  |   .8509008   .7160643     1.19   0.241    -.5888429    2.290644
         Mississippi  |   1.145184   1.993651     0.57   0.568    -2.863319    5.153687
            Missouri  |   .1117732   1.330953     0.08   0.933    -2.564288    2.787834
             Montana  |   2.596584   4.020402     0.65   0.521    -5.486977    10.68014
            Nebraska  |    1.99611   3.124877     0.64   0.526    -4.286876    8.279096
              Nevada  |     1.8775   2.082887     0.90   0.372    -2.310425    6.065425
       New Hampshire  |   2.293941   3.704116     0.62   0.539    -5.153683    9.741565
          New Jersey  |   .3238665   4.230075     0.08   0.939    -8.181269    8.829002
          New Mexico  |   1.686799    2.91437     0.58   0.565    -4.172935    7.546533
            New York  |  -6.709744   15.61296    -0.43   0.669    -38.10171    24.68222
      North Carolina  |  -1.561815    5.54058    -0.28   0.779     -12.7019    9.578268
        North Dakota  |   2.863272     4.3616     0.66   0.515    -5.906311    11.63286
                Ohio  |   2.407937   7.110556     0.34   0.736    -11.88879    16.70467
            Oklahoma  |   .8742537   1.001414     0.87   0.387    -1.139224    2.887731
              Oregon  |   1.190766    .843624     1.41   0.165    -.5054535    2.886986
        Pennsylvania  |   -4.53251   8.371075    -0.54   0.591    -21.36368    12.29866
        Rhode Island  |   2.384848   4.017114     0.59   0.556    -5.692101     10.4618
      South Carolina  |   .2995511   .0776643     3.86   0.000     .1433965    .4557057
        South Dakota  |   2.555942   4.240667     0.60   0.550     -5.97049    11.08237
           Tennessee  |    .873396   1.858844     0.47   0.641    -2.864061    4.610853
               Texas  |   -12.3107   24.13919    -0.51   0.612     -60.8458     36.2244
                Utah  |   1.680774   1.942412     0.87   0.391    -2.224707    5.586255
             Vermont  |   2.974517   4.484352     0.66   0.510    -6.041877    11.99091
            Virginia  |  -.5914118   3.757207    -0.16   0.876    -8.145784     6.96296
          Washington  |   2.079867    2.54663     0.82   0.418    -3.040476     7.20021
       West Virginia  |   2.335968   3.199389     0.73   0.469    -4.096835    8.768771
           Wisconsin  |  -.4533388   .9630792    -0.47   0.640    -2.389739    1.483062
             Wyoming  |   2.654917    4.52757     0.59   0.560    -6.448373    11.75821
                      |
                _cons |  -3.939956   5.518747    -0.71   0.479    -15.03614    7.156229
      ---------------------------------------------------------------------------------
      
    13 . 
    14 . //Weighted OLS with last (crime rate)
    15 . reg crime_rate mean_diff mean_diff_last population i.ncandidate i.week i.nstate if week > 1 [aweight = pop
      > ulation], cluster(nstate) robust
      (sum of wgt is   2.4956e+10)
      
      Linear regression                               Number of obs     =      3,822
                                                      F(47, 48)         =          .
                                                      Prob > F          =          .
                                                      R-squared         =     0.4061
                                                      Root MSE          =     1.9e-07
      
                                         (Std. Err. adjusted for 49 clusters in nstate)
      ---------------------------------------------------------------------------------
                      |               Robust
           crime_rate |      Coef.   Std. Err.      t    P>|t|     [95% Conf. Interval]
      ----------------+----------------------------------------------------------------
            mean_diff |   1.71e-07   8.30e-08     2.06   0.045     4.19e-09    3.38e-07
       mean_diff_last |  -7.20e-08   7.38e-08    -0.98   0.334    -2.20e-07    7.64e-08
           population |   3.17e-14   4.24e-14     0.75   0.459    -5.36e-14    1.17e-13
                      |
           ncandidate |
               Trump  |  -4.28e-09   1.92e-08    -0.22   0.825    -4.29e-08    3.43e-08
                      |
                 week |
                   3  |  -6.09e-08   4.56e-08    -1.34   0.188    -1.53e-07    3.08e-08
                   4  |  -3.56e-08   4.08e-08    -0.87   0.388    -1.18e-07    4.65e-08
                   5  |  -3.35e-08   4.86e-08    -0.69   0.494    -1.31e-07    6.41e-08
                   6  |  -5.61e-08   4.18e-08    -1.34   0.186    -1.40e-07    2.80e-08
                   7  |  -4.95e-08   4.44e-08    -1.12   0.270    -1.39e-07    3.97e-08
                   8  |  -1.37e-08   4.17e-08    -0.33   0.744    -9.76e-08    7.02e-08
                   9  |  -2.41e-09   4.76e-08    -0.05   0.960    -9.81e-08    9.32e-08
                  10  |  -7.06e-08   4.91e-08    -1.44   0.157    -1.69e-07    2.81e-08
                  11  |  -4.43e-08   4.12e-08    -1.08   0.288    -1.27e-07    3.86e-08
                  12  |  -5.67e-08   4.87e-08    -1.17   0.250    -1.55e-07    4.11e-08
                  13  |   2.04e-09   5.25e-08     0.04   0.969    -1.04e-07    1.08e-07
                  14  |  -4.89e-08   5.29e-08    -0.92   0.360    -1.55e-07    5.75e-08
                  15  |  -3.41e-08   4.30e-08    -0.79   0.432    -1.20e-07    5.23e-08
                  16  |  -7.96e-08   5.41e-08    -1.47   0.148    -1.88e-07    2.92e-08
                  17  |  -2.57e-08   4.18e-08    -0.61   0.542    -1.10e-07    5.84e-08
                  18  |  -8.18e-08   3.75e-08    -2.18   0.034    -1.57e-07   -6.47e-09
                  19  |  -8.93e-08   5.55e-08    -1.61   0.114    -2.01e-07    2.23e-08
                  20  |  -6.42e-08   4.72e-08    -1.36   0.180    -1.59e-07    3.06e-08
                  21  |  -2.34e-08   5.40e-08    -0.43   0.667    -1.32e-07    8.53e-08
                  22  |  -8.76e-08   4.72e-08    -1.85   0.070    -1.83e-07    7.37e-09
                  23  |  -9.54e-08   5.32e-08    -1.79   0.079    -2.02e-07    1.16e-08
                  24  |  -1.34e-07   5.06e-08    -2.65   0.011    -2.36e-07   -3.23e-08
                  25  |  -4.80e-08   5.27e-08    -0.91   0.367    -1.54e-07    5.80e-08
                  26  |  -8.77e-08   5.41e-08    -1.62   0.112    -1.97e-07    2.11e-08
                  27  |  -9.68e-08   5.54e-08    -1.75   0.087    -2.08e-07    1.46e-08
                  28  |  -9.48e-08   5.35e-08    -1.77   0.083    -2.02e-07    1.28e-08
                  29  |  -4.21e-08   5.58e-08    -0.75   0.454    -1.54e-07    7.01e-08
                  30  |  -7.62e-08   6.26e-08    -1.22   0.229    -2.02e-07    4.97e-08
                  31  |  -1.05e-07   5.98e-08    -1.76   0.085    -2.25e-07    1.49e-08
                  32  |  -1.06e-07   5.83e-08    -1.81   0.076    -2.23e-07    1.14e-08
                  33  |  -1.46e-07   4.99e-08    -2.93   0.005    -2.47e-07   -4.60e-08
                  34  |  -1.48e-07   5.33e-08    -2.79   0.008    -2.56e-07   -4.14e-08
                  35  |  -1.54e-07   4.49e-08    -3.43   0.001    -2.44e-07   -6.37e-08
                  36  |  -1.46e-07   4.91e-08    -2.98   0.004    -2.45e-07   -4.77e-08
                  37  |  -1.39e-07   5.38e-08    -2.59   0.013    -2.47e-07   -3.11e-08
                  38  |  -1.54e-07   4.94e-08    -3.11   0.003    -2.53e-07   -5.45e-08
                  39  |  -1.01e-07   4.85e-08    -2.08   0.043    -1.99e-07   -3.56e-09
                  40  |  -1.19e-07   4.77e-08    -2.50   0.016    -2.15e-07   -2.32e-08
                  41  |  -1.35e-07   5.76e-08    -2.34   0.024    -2.50e-07   -1.88e-08
                  42  |  -1.12e-07   5.46e-08    -2.05   0.046    -2.22e-07   -2.17e-09
                  43  |  -1.44e-07   5.78e-08    -2.50   0.016    -2.61e-07   -2.82e-08
                  44  |  -1.01e-07   6.34e-08    -1.59   0.119    -2.28e-07    2.68e-08
                  45  |  -1.02e-07   5.60e-08    -1.81   0.076    -2.14e-07    1.10e-08
                  46  |  -8.90e-08   6.08e-08    -1.46   0.150    -2.11e-07    3.33e-08
                  47  |  -9.97e-08   6.38e-08    -1.56   0.125    -2.28e-07    2.86e-08
                  48  |  -1.27e-07   6.28e-08    -2.03   0.048    -2.54e-07   -9.71e-10
                  49  |  -1.25e-07   5.34e-08    -2.34   0.024    -2.32e-07   -1.75e-08
                  50  |  -9.68e-08   6.12e-08    -1.58   0.121    -2.20e-07    2.64e-08
                  51  |  -1.07e-07   6.21e-08    -1.72   0.092    -2.32e-07    1.81e-08
                  52  |  -1.13e-07   5.87e-08    -1.93   0.060    -2.31e-07    4.77e-09
                  53  |  -6.66e-08   5.21e-08    -1.28   0.207    -1.71e-07    3.82e-08
                  54  |  -9.54e-08   4.54e-08    -2.10   0.041    -1.87e-07   -4.10e-09
                  55  |  -1.24e-07   4.73e-08    -2.63   0.011    -2.19e-07   -2.93e-08
                  56  |  -1.15e-07   5.77e-08    -1.99   0.053    -2.31e-07    1.29e-09
                  57  |  -1.41e-07   6.26e-08    -2.24   0.029    -2.66e-07   -1.47e-08
                  58  |  -1.05e-07   5.60e-08    -1.89   0.065    -2.18e-07    7.02e-09
                  59  |  -1.07e-07   4.93e-08    -2.17   0.035    -2.06e-07   -7.85e-09
                  60  |  -8.94e-08   5.07e-08    -1.76   0.084    -1.91e-07    1.26e-08
                  61  |  -7.45e-08   4.78e-08    -1.56   0.125    -1.71e-07    2.16e-08
                  62  |  -4.94e-08   5.78e-08    -0.86   0.396    -1.66e-07    6.67e-08
                  63  |   3.19e-09   5.58e-08     0.06   0.955    -1.09e-07    1.15e-07
                  64  |  -2.35e-08   5.34e-08    -0.44   0.662    -1.31e-07    8.39e-08
                  65  |  -9.32e-08   6.20e-08    -1.50   0.139    -2.18e-07    3.15e-08
                  66  |  -2.49e-08   5.45e-08    -0.46   0.649    -1.34e-07    8.46e-08
                  67  |  -9.87e-08   5.10e-08    -1.94   0.059    -2.01e-07    3.78e-09
                  68  |  -6.61e-08   5.74e-08    -1.15   0.255    -1.82e-07    4.93e-08
                  69  |  -1.14e-07   5.54e-08    -2.06   0.045    -2.25e-07   -2.68e-09
                  70  |  -8.54e-08   6.23e-08    -1.37   0.177    -2.11e-07    3.99e-08
                  71  |  -7.57e-08   5.35e-08    -1.42   0.163    -1.83e-07    3.18e-08
                  72  |  -7.08e-08   5.86e-08    -1.21   0.233    -1.89e-07    4.70e-08
                  73  |  -3.75e-08   4.79e-08    -0.78   0.438    -1.34e-07    5.89e-08
                  74  |  -4.01e-08   6.22e-08    -0.64   0.522    -1.65e-07    8.50e-08
                  75  |  -9.38e-08   4.97e-08    -1.89   0.065    -1.94e-07    6.21e-09
                  76  |  -5.27e-08   6.18e-08    -0.85   0.398    -1.77e-07    7.16e-08
                  77  |  -8.45e-08   5.69e-08    -1.49   0.144    -1.99e-07    2.99e-08
                  78  |  -6.63e-08   5.19e-08    -1.28   0.208    -1.71e-07    3.81e-08
                  79  |  -6.56e-08   5.96e-08    -1.10   0.277    -1.85e-07    5.43e-08
                      |
               nstate |
              Alaska  |   3.49e-07   1.77e-07     1.97   0.055    -8.07e-09    7.06e-07
             Arizona  |   2.08e-07   8.70e-08     2.39   0.021     3.32e-08    3.83e-07
            Arkansas  |   3.68e-08   7.75e-08     0.47   0.637    -1.19e-07    1.93e-07
          California  |  -8.85e-07   1.44e-06    -0.61   0.542    -3.79e-06    2.02e-06
            Colorado  |   1.36e-07   3.10e-08     4.39   0.000     7.38e-08    1.98e-07
         Connecticut  |   3.90e-07   7.77e-08     5.01   0.000     2.33e-07    5.46e-07
            Delaware  |   2.67e-07   1.74e-07     1.54   0.130    -8.20e-08    6.17e-07
             Florida  |  -5.05e-07   6.64e-07    -0.76   0.450    -1.84e-06    8.30e-07
             Georgia  |  -1.68e-07   2.31e-07    -0.73   0.471    -6.34e-07    2.97e-07
               Idaho  |   1.70e-07   1.29e-07     1.32   0.193    -8.90e-08    4.30e-07
            Illinois  |  -1.87e-07   3.32e-07    -0.56   0.576    -8.55e-07    4.81e-07
             Indiana  |   3.91e-08   7.27e-08     0.54   0.593    -1.07e-07    1.85e-07
                Iowa  |   3.46e-08   7.07e-08     0.49   0.627    -1.08e-07    1.77e-07
              Kansas  |   3.11e-07   8.23e-08     3.78   0.000     1.45e-07    4.76e-07
            Kentucky  |   5.41e-07   2.00e-08    27.01   0.000     5.01e-07    5.81e-07
           Louisiana  |   5.90e-08   8.72e-09     6.77   0.000     4.15e-08    7.65e-08
               Maine  |   3.48e-07   1.48e-07     2.36   0.022     5.13e-08    6.45e-07
            Maryland  |  -1.47e-08   4.89e-08    -0.30   0.766    -1.13e-07    8.36e-08
       Massachusetts  |   4.34e-07   8.26e-08     5.25   0.000     2.68e-07    6.00e-07
            Michigan  |   2.57e-07   2.14e-07     1.20   0.237    -1.74e-07    6.87e-07
           Minnesota  |   1.84e-07   3.30e-08     5.58   0.000     1.18e-07    2.51e-07
         Mississippi  |   3.81e-08   8.32e-08     0.46   0.649    -1.29e-07    2.05e-07
            Missouri  |   1.27e-07   6.09e-08     2.08   0.043     4.25e-09    2.49e-07
             Montana  |   4.41e-07   1.64e-07     2.69   0.010     1.12e-07    7.70e-07
            Nebraska  |   2.27e-07   1.26e-07     1.80   0.078    -2.67e-08    4.81e-07
              Nevada  |   2.61e-07   8.79e-08     2.97   0.005     8.46e-08    4.38e-07
       New Hampshire  |   2.53e-07   1.51e-07     1.68   0.100    -5.05e-08    5.57e-07
          New Jersey  |   1.47e-07   1.67e-07     0.88   0.382    -1.88e-07    4.83e-07
          New Mexico  |   9.37e-08   1.19e-07     0.78   0.437    -1.46e-07    3.34e-07
            New York  |  -3.85e-07   6.27e-07    -0.61   0.542    -1.64e-06    8.75e-07
      North Carolina  |  -1.86e-08   2.24e-07    -0.08   0.934    -4.70e-07    4.32e-07
        North Dakota  |   4.59e-07   1.80e-07     2.55   0.014     9.70e-08    8.21e-07
                Ohio  |   3.23e-07   2.82e-07     1.14   0.258    -2.44e-07    8.90e-07
            Oklahoma  |   1.01e-07   4.16e-08     2.43   0.019     1.73e-08    1.85e-07
              Oregon  |   2.06e-07   3.86e-08     5.33   0.000     1.28e-07    2.84e-07
        Pennsylvania  |  -2.49e-07   3.38e-07    -0.73   0.466    -9.29e-07    4.32e-07
        Rhode Island  |   1.26e-07   1.66e-07     0.76   0.449    -2.07e-07    4.60e-07
      South Carolina  |   7.08e-08   3.79e-09    18.70   0.000     6.32e-08    7.84e-08
        South Dakota  |   2.28e-07   1.74e-07     1.31   0.196    -1.21e-07    5.77e-07
           Tennessee  |   2.30e-07   7.48e-08     3.07   0.003     7.97e-08    3.81e-07
               Texas  |  -6.93e-07   9.71e-07    -0.71   0.479    -2.65e-06    1.26e-06
                Utah  |   2.74e-07   7.75e-08     3.53   0.001     1.18e-07    4.30e-07
             Vermont  |   4.91e-07   1.87e-07     2.63   0.011     1.15e-07    8.66e-07
            Virginia  |   5.34e-08   1.53e-07     0.35   0.729    -2.55e-07    3.62e-07
          Washington  |   3.95e-07   1.05e-07     3.75   0.000     1.84e-07    6.07e-07
       West Virginia  |   3.84e-07   1.30e-07     2.96   0.005     1.23e-07    6.45e-07
           Wisconsin  |  -1.08e-08   3.97e-08    -0.27   0.787    -9.06e-08    6.91e-08
             Wyoming  |   2.10e-07   1.85e-07     1.14   0.261    -1.61e-07    5.82e-07
                      |
                _cons |  -1.33e-07   2.53e-07    -0.52   0.602    -6.41e-07    3.76e-07
      ---------------------------------------------------------------------------------
      
    16 . 
    17 . translate @Results Reg_racial_last.txt
