                                                       ___  ____  ____  ____  ____(R)
                                                      /__    /   ____/   /   ____/   
                                                     ___/   /   /___/   /   /___/    
                                                       Statistics/Data Analysis      
      
      
     1 . do "/var/folders/sv/xlgkbm653t72t6m0s9k0wx5c0000gn/T//SD04597.000000"
      
     2 . poisson n mean_diff mean_diff_last population i.ncandidate i.week i.nstate if week > 1
      
      Iteration 0:   log likelihood = -16172.148  
      Iteration 1:   log likelihood = -8550.8017  
      Iteration 2:   log likelihood = -5913.1021  
      Iteration 3:   log likelihood = -5408.0525  
      Iteration 4:   log likelihood = -5402.1484  
      Iteration 5:   log likelihood = -5402.1441  
      Iteration 6:   log likelihood = -5402.1441  
      
      Poisson regression                              Number of obs     =      3,822
                                                      LR chi2(129)      =   11805.96
                                                      Prob > chi2       =     0.0000
      Log likelihood = -5402.1441                     Pseudo R2         =     0.5222
      
      ---------------------------------------------------------------------------------
                    n |      Coef.   Std. Err.      z    P>|z|     [95% Conf. Interval]
      ----------------+----------------------------------------------------------------
            mean_diff |   .6958841   .2775038     2.51   0.012     .1519867    1.239782
       mean_diff_last |  -.3560368   .2369314    -1.50   0.133    -.8204137    .1083402
           population |   3.68e-07   1.83e-07     2.01   0.045     8.49e-09    7.27e-07
                      |
           ncandidate |
               Trump  |   -.010154    .088708    -0.11   0.909    -.1840184    .1637104
                      |
                 week |
                   3  |  -.1641356   .1268645    -1.29   0.196    -.4127854    .0845143
                   4  |  -.1057474   .1243833    -0.85   0.395    -.3495341    .1380393
                   5  |  -.1411382   .1260784    -1.12   0.263    -.3882474    .1059709
                   6  |  -.2392443   .1291949    -1.85   0.064    -.4924617    .0139731
                   7  |  -.1517176   .1269354    -1.20   0.232    -.4005064    .0970713
                   8  |  -.0519217    .125545    -0.41   0.679    -.2979855     .194142
                   9  |  -.0008464   .1230601    -0.01   0.995    -.2420398     .240347
                  10  |  -.1351468    .126878    -1.07   0.287    -.3838231    .1135296
                  11  |  -.1014155   .1262557    -0.80   0.422     -.348872    .1460411
                  12  |  -.1373717   .1269134    -1.08   0.279    -.3861174     .111374
                  13  |   .0377432   .1231967     0.31   0.759    -.2037178    .2792042
                  14  |  -.2190424   .1314058    -1.67   0.096    -.4765929    .0385082
                  15  |   -.160462   .1294515    -1.24   0.215    -.4141823    .0932584
                  16  |  -.3819406   .1376945    -2.77   0.006    -.6518169   -.1120643
                  17  |  -.0692136   .1270469    -0.54   0.586    -.3182209    .1797938
                  18  |  -.2364239   .1320163    -1.79   0.073     -.495171    .0223233
                  19  |  -.2829377   .1331594    -2.12   0.034    -.5439254     -.02195
                  20  |  -.2833977   .1329363    -2.13   0.033    -.5439481   -.0228472
                  21  |    -.23988   .1318574    -1.82   0.069    -.4983157    .0185558
                  22  |  -.5095259   .1415899    -3.60   0.000     -.787037   -.2320148
                  23  |  -.3126245   .1344953    -2.32   0.020    -.5762304   -.0490186
                  24  |  -.4991987    .141941    -3.52   0.000    -.7773979   -.2209994
                  25  |  -.2438545   .1316145    -1.85   0.064    -.5018142    .0141052
                  26  |  -.2806324   .1325096    -2.12   0.034    -.5403465   -.0209184
                  27  |  -.2593497   .1319002    -1.97   0.049    -.5178693   -.0008301
                  28  |  -.4485909   .1389769    -3.23   0.001    -.7209805   -.1762012
                  29  |  -.2114061   .1319847    -1.60   0.109    -.4700914    .0472791
                  30  |  -.3318891   .1365316    -2.43   0.015    -.5994862    -.064292
                  31  |  -.3111542   .1354673    -2.30   0.022    -.5766651   -.0456432
                  32  |  -.1549326   .1304283    -1.19   0.235    -.4105673    .1007021
                  33  |   -.339527   .1361946    -2.49   0.013    -.6064635   -.0725905
                  34  |  -.5726444   .1453704    -3.94   0.000    -.8575651   -.2877237
                  35  |  -.6551161   .1492383    -4.39   0.000    -.9476179   -.3626143
                  36  |  -.7155021   .1510455    -4.74   0.000    -1.011546   -.4194584
                  37  |  -.5565395   .1444143    -3.85   0.000    -.8395864   -.2734927
                  38  |  -.6801725   .1494754    -4.55   0.000    -.9731389   -.3872062
                  39  |  -.5386036   .1429865    -3.77   0.000    -.8188521   -.2583551
                  40  |  -.5735898   .1450149    -3.96   0.000    -.8578138   -.2893658
                  41  |  -.5926247   .1462484    -4.05   0.000    -.8792664    -.305983
                  42  |  -.5662584   .1471587    -3.85   0.000    -.8546842   -.2778325
                  43  |  -.5408977   .1486256    -3.64   0.000    -.8321986   -.2495969
                  44  |  -.3860136    .143679    -2.69   0.007    -.6676193   -.1044079
                  45  |  -.3773728   .1434608    -2.63   0.009    -.6585509   -.0961948
                  46  |  -.2884142   .1399427    -2.06   0.039    -.5626968   -.0141316
                  47  |   -.365069   .1422912    -2.57   0.010    -.6439545   -.0861834
                  48  |  -.4579718   .1461221    -3.13   0.002    -.7443658   -.1715778
                  49  |  -.5448935   .1509789    -3.61   0.000    -.8408067   -.2489803
                  50  |  -.3703551   .1457821    -2.54   0.011    -.6560828   -.0846274
                  51  |  -.2802008   .1438779    -1.95   0.051    -.5621963    .0017946
                  52  |  -.3183316   .1443907    -2.20   0.027    -.6013321   -.0353311
                  53  |   -.248203   .1399347    -1.77   0.076    -.5224699     .026064
                  54  |  -.5023429   .1482753    -3.39   0.001    -.7929572   -.2117286
                  55  |  -.4204031    .146025    -2.88   0.004    -.7066068   -.1341994
                  56  |  -.3745453   .1463454    -2.56   0.010     -.661377   -.0877137
                  57  |  -.4574966   .1512258    -3.03   0.002    -.7538936   -.1610995
                  58  |  -.3398011    .147165    -2.31   0.021    -.6282393    -.051363
                  59  |   -.206547   .1422449    -1.45   0.146    -.4853417    .0722478
                  60  |  -.3299275   .1443009    -2.29   0.022     -.612752   -.0471029
                  61  |  -.1779157   .1392717    -1.28   0.201    -.4508833    .0950519
                  62  |   -.197227   .1424863    -1.38   0.166    -.4764951     .082041
                  63  |  -.0400728   .1398315    -0.29   0.774    -.3141375     .233992
                  64  |  -.1996681   .1430903    -1.40   0.163      -.48012    .0807838
                  65  |  -.3127418   .1505428    -2.08   0.038    -.6078002   -.0176834
                  66  |  -.1291789   .1426532    -0.91   0.365    -.4087739    .1504162
                  67  |  -.3704356   .1476688    -2.51   0.012     -.659861   -.0810101
                  68  |  -.3684983   .1476904    -2.50   0.013    -.6579661   -.0790305
                  69  |  -.5231261   .1511886    -3.46   0.001    -.8194502   -.2268019
                  70  |  -.4882618   .1510468    -3.23   0.001    -.7843081   -.1922156
                  71  |  -.2666029   .1469323    -1.81   0.070     -.554585    .0213792
                  72  |  -.3052869   .1483225    -2.06   0.040    -.5959937   -.0145801
                  73  |  -.2742809   .1497473    -1.83   0.067    -.5677803    .0192185
                  74  |  -.2022314   .1473459    -1.37   0.170    -.4910241    .0865613
                  75  |   -.454386   .1541208    -2.95   0.003    -.7564573   -.1523148
                  76  |  -.2364154   .1488254    -1.59   0.112    -.5281079     .055277
                  77  |   -.345052    .154139    -2.24   0.025    -.6471588   -.0429452
                  78  |  -.2794068   .1535089    -1.82   0.069    -.5802786     .021465
                  79  |  -.1436648   .1509512    -0.95   0.341    -.4395237    .1521941
                      |
               nstate |
              Alaska  |   1.258554   .8257364     1.52   0.127    -.3598595    2.876968
             Arizona  |   1.939395   .4363206     4.44   0.000     1.084222    2.794567
            Arkansas  |  -.0793249   .5154779    -0.15   0.878    -1.089643    .9309932
          California  |  -8.385864    6.28491    -1.33   0.182    -20.70406    3.932332
            Colorado  |   1.676684   .2782219     6.03   0.000     1.131379    2.221989
         Connecticut  |   2.623394   .3537206     7.42   0.000     1.930114    3.316673
            Delaware  |   1.275091   .7929121     1.61   0.108    -.2789877    2.829171
             Florida  |  -3.944566    2.87102    -1.37   0.169    -9.571661     1.68253
             Georgia  |  -.8823465   1.020709    -0.86   0.387    -2.882898    1.118205
               Idaho  |   1.783808   .6446193     2.77   0.006     .5203773    3.047238
            Illinois  |  -.9069701   1.487766    -0.61   0.542    -3.822938    2.008998
             Indiana  |   1.046402    .401279     2.61   0.009     .2599097    1.832894
                Iowa  |   .2591121   .4641015     0.56   0.577      -.65051    1.168734
              Kansas  |   2.146774   .4320523     4.97   0.000     1.299967    2.993581
            Kentucky  |   2.835448   .2392649    11.85   0.000     2.366497    3.304399
           Louisiana  |   .9828219   .2608735     3.77   0.000     .4715193    1.494124
               Maine  |   2.401386   .6939438     3.46   0.001     1.041281    3.761491
            Maryland  |   .4883924   .3464565     1.41   0.159    -.1906498    1.167435
       Massachusetts  |   2.670456   .4328978     6.17   0.000     1.821992     3.51892
            Michigan  |    1.37729   .9627693     1.43   0.153    -.5097037    3.264283
           Minnesota  |   1.953791   .2746453     7.11   0.000     1.415497    2.492086
         Mississippi  |  -.7098237   .6052909    -1.17   0.241    -1.896172    .4765246
            Missouri  |   1.475997   .3271334     4.51   0.000     .8348275    2.117167
             Montana  |    2.25534    .750278     3.01   0.003     .7848222    3.725858
            Nebraska  |   1.791333   .6052005     2.96   0.003     .6051623    2.977505
              Nevada  |   2.067251   .4393148     4.71   0.000      1.20621    2.928293
       New Hampshire  |   1.734872   .7054444     2.46   0.014     .3522264    3.117518
          New Jersey  |   1.600867   .7767867     2.06   0.039     .0783927     3.12334
          New Mexico  |   1.183066   .5905589     2.00   0.045     .0255914     2.34054
            New York  |  -1.825812   2.726165    -0.67   0.503    -7.168996    3.517373
      North Carolina  |   .5086643   .9884087     0.51   0.607    -1.428581     2.44591
        North Dakota  |   1.854973   .8080831     2.30   0.022     .2711587    3.438786
                Ohio  |   1.071464   1.260301     0.85   0.395    -1.398681    3.541609
            Oklahoma  |   1.189142   .3137362     3.79   0.000     .5742308    1.804054
              Oregon  |   2.042473   .2904091     7.03   0.000     1.473281    2.611664
        Pennsylvania  |  -1.463275   1.474388    -0.99   0.321    -4.353021    1.426472
        Rhode Island  |   1.585812   .7608782     2.08   0.037     .0945182    3.077106
      South Carolina  |   .9852875   .2550228     3.86   0.000      .485452    1.485123
        South Dakota  |   1.644992   .7933613     2.07   0.038     .0900323    3.199951
           Tennessee  |   1.883371   .3946134     4.77   0.000     1.109943    2.656799
               Texas  |  -5.827805   4.203931    -1.39   0.166    -14.06736    2.411748
                Utah  |   2.147414   .4156984     5.17   0.000      1.33266    2.962168
             Vermont  |   1.888731   .8325454     2.27   0.023     .2569722     3.52049
            Virginia  |    1.01048   .6957652     1.45   0.146     -.353195    2.374155
          Washington  |   2.260176   .5009602     4.51   0.000     1.278312     3.24204
       West Virginia  |   2.288149   .6086885     3.76   0.000     1.095141    3.481157
           Wisconsin  |   .5785019    .307253     1.88   0.060    -.0237028    1.180707
             Wyoming  |   .1728638   .9294334     0.19   0.852    -1.648792     1.99452
                      |
                _cons |  -3.164825   .9408972    -3.36   0.001    -5.008949     -1.3207
      ---------------------------------------------------------------------------------
      
     3 . xtpoisson n mean_diff mean_diff_last population i.ncandidate i.week if week > 1, fe vce(robust)
      
      Iteration 0:   log pseudolikelihood = -5363.2691  
      Iteration 1:   log pseudolikelihood = -5249.6813  
      Iteration 2:   log pseudolikelihood = -5248.5296  
      Iteration 3:   log pseudolikelihood = -5248.5292  
      
      Conditional fixed-effects Poisson regression    Number of obs     =      3,822
      Group variable: nstate                          Number of groups  =         49
      
                                                      Obs per group:
                                                                    min =         78
                                                                    avg =       78.0
                                                                    max =         78
      
                                                      Wald chi2(81)     =    7380.90
      Log pseudolikelihood  = -5248.5292              Prob > chi2       =     0.0000
      
                                         (Std. Err. adjusted for clustering on nstate)
      --------------------------------------------------------------------------------
                     |               Robust
                   n |      Coef.   Std. Err.      z    P>|z|     [95% Conf. Interval]
      ---------------+----------------------------------------------------------------
           mean_diff |   .6958841   .2922112     2.38   0.017     .1231607    1.268607
      mean_diff_last |  -.3560368   .2887665    -1.23   0.218    -.9220086    .2099351
          population |   3.68e-07   2.47e-07     1.49   0.135    -1.15e-07    8.51e-07
                     |
          ncandidate |
              Trump  |   -.010154   .0542579    -0.19   0.852    -.1164975    .0961895
                     |
                week |
                  3  |  -.1641356   .1144898    -1.43   0.152    -.3885315    .0602603
                  4  |  -.1057474   .0951252    -1.11   0.266    -.2921893    .0806945
                  5  |  -.1411382   .1451302    -0.97   0.331    -.4255881    .1433117
                  6  |  -.2392443   .1156834    -2.07   0.039    -.4659797    -.012509
                  7  |  -.1517176   .1208442    -1.26   0.209    -.3885679    .0851328
                  8  |  -.0519217   .1176806    -0.44   0.659    -.2825714     .178728
                  9  |  -.0008465   .1457898    -0.01   0.995    -.2865891    .2848962
                 10  |  -.1351468   .1671621    -0.81   0.419    -.4627784    .1924849
                 11  |  -.1014155   .1419935    -0.71   0.475    -.3797176    .1768867
                 12  |  -.1373717   .1535648    -0.89   0.371    -.4383532    .1636099
                 13  |   .0377434   .1268033     0.30   0.766    -.2107865    .2862733
                 14  |  -.2190424   .1395457    -1.57   0.116     -.492547    .0544622
                 15  |   -.160462   .1372526    -1.17   0.242    -.4294722    .1085482
                 16  |  -.3819406   .1571937    -2.43   0.015    -.6900345   -.0738467
                 17  |  -.0692136   .1092844    -0.63   0.527    -.2834071      .14498
                 18  |  -.2364239   .1225669    -1.93   0.054    -.4766505    .0038027
                 19  |  -.2829377   .1484871    -1.91   0.057    -.5739671    .0080917
                 20  |  -.2833977     .14653    -1.93   0.053    -.5705912    .0037958
                 21  |    -.23988   .1463723    -1.64   0.101    -.5267644    .0470045
                 22  |  -.5095259   .1421873    -3.58   0.000    -.7882079   -.2308438
                 23  |  -.3126245   .1437303    -2.18   0.030    -.5943307   -.0309183
                 24  |  -.4991987   .1635735    -3.05   0.002    -.8197968   -.1786006
                 25  |  -.2438545   .1811886    -1.35   0.178    -.5989775    .1112686
                 26  |  -.2806324    .144987    -1.94   0.053    -.5648017    .0035368
                 27  |  -.2593497   .1502403    -1.73   0.084    -.5538152    .0351158
                 28  |  -.4485909   .1774919    -2.53   0.011    -.7964686   -.1007132
                 29  |  -.2114061   .1476024    -1.43   0.152    -.5007014    .0778892
                 30  |  -.3318891   .1606713    -2.07   0.039     -.646799   -.0169792
                 31  |  -.3111542    .166989    -1.86   0.062    -.6384467    .0161383
                 32  |  -.1549326   .1541293    -1.01   0.315    -.4570204    .1471553
                 33  |   -.339527   .1706597    -1.99   0.047    -.6740138   -.0050403
                 34  |  -.5726444   .1715598    -3.34   0.001    -.9088955   -.2363933
                 35  |  -.6551153   .1611079    -4.07   0.000    -.9708809   -.3393496
                 36  |  -.7154999   .1713324    -4.18   0.000    -1.051305   -.3796946
                 37  |  -.5565396   .1499466    -3.71   0.000    -.8504295   -.2626496
                 38  |  -.6801717   .1537007    -4.43   0.000    -.9814196   -.3789238
                 39  |  -.5386036   .1376286    -3.91   0.000    -.8083508   -.2688564
                 40  |  -.5735898   .1511039    -3.80   0.000     -.869748   -.2774317
                 41  |  -.5926247    .166081    -3.57   0.000    -.9181375   -.2671119
                 42  |  -.5662584   .1652154    -3.43   0.001    -.8900747   -.2424421
                 43  |  -.5408977   .1533951    -3.53   0.000    -.8415466   -.2402488
                 44  |  -.3860136   .1583118    -2.44   0.015    -.6962991   -.0757281
                 45  |  -.3773728   .1596057    -2.36   0.018    -.6901942   -.0645514
                 46  |  -.2884142   .1727397    -1.67   0.095    -.6269779    .0501495
                 47  |   -.365069   .1900941    -1.92   0.055    -.7376466    .0075086
                 48  |  -.4579718   .1615295    -2.84   0.005    -.7745638   -.1413798
                 49  |  -.5448935   .1534284    -3.55   0.000    -.8456076   -.2441794
                 50  |  -.3703551   .1597003    -2.32   0.020     -.683362   -.0573483
                 51  |  -.2802008    .176646    -1.59   0.113    -.6264206    .0660189
                 52  |  -.3183316   .1460902    -2.18   0.029    -.6046631   -.0320001
                 53  |   -.248203   .1546264    -1.61   0.108    -.5512652    .0548592
                 54  |  -.5023429   .1319384    -3.81   0.000    -.7609374   -.2437484
                 55  |  -.4204031   .0910703    -4.62   0.000    -.5988976   -.2419087
                 56  |  -.3745453    .179741    -2.08   0.037    -.7268312   -.0222595
                 57  |  -.4574966   .1727516    -2.65   0.008    -.7960836   -.1189096
                 58  |  -.3398011   .1503175    -2.26   0.024    -.6344181   -.0451842
                 59  |   -.206547   .1309905    -1.58   0.115    -.4632836    .0501897
                 60  |  -.3299275   .1491806    -2.21   0.027    -.6223161   -.0375389
                 61  |  -.1779157   .1322776    -1.35   0.179    -.4371751    .0813437
                 62  |   -.197227   .1626714    -1.21   0.225    -.5160571     .121603
                 63  |  -.0400725   .1234767    -0.32   0.746    -.2820824    .2019374
                 64  |  -.1996681   .1326149    -1.51   0.132    -.4595885    .0602523
                 65  |  -.3127418   .1764729    -1.77   0.076    -.6586224    .0331388
                 66  |  -.1291789   .1836217    -0.70   0.482    -.4890709    .2307131
                 67  |  -.3704356   .1540485    -2.40   0.016     -.672365   -.0685061
                 68  |  -.3684983   .1677728    -2.20   0.028     -.697327   -.0396696
                 69  |  -.5231261   .1746141    -3.00   0.003    -.8653634   -.1808887
                 70  |  -.4882618   .1709352    -2.86   0.004    -.8232887    -.153235
                 71  |  -.2666029   .1366926    -1.95   0.051    -.5345155    .0013098
                 72  |  -.3052869   .1604071    -1.90   0.057     -.619679    .0091052
                 73  |  -.2742809   .1275945    -2.15   0.032    -.5243614   -.0242003
                 74  |  -.2022314    .172283    -1.17   0.240    -.5398999    .1354371
                 75  |   -.454386   .1355163    -3.35   0.001    -.7199931   -.1887789
                 76  |  -.2364154   .1554843    -1.52   0.128     -.541159    .0683281
                 77  |   -.345052    .154346    -2.24   0.025    -.6475646   -.0425394
                 78  |  -.2794068   .1692922    -1.65   0.099    -.6112133    .0523997
                 79  |  -.1436648    .167452    -0.86   0.391    -.4718648    .1845352
      --------------------------------------------------------------------------------
      
     4 . 
     5 . //OLS with last
     6 . reg n mean_diff mean_diff_last population i.ncandidate i.week i.nstate if week > 1, cluster(nstate) robust
      
      Linear regression                               Number of obs     =      3,822
                                                      F(47, 48)         =          .
                                                      Prob > F          =          .
                                                      R-squared         =     0.7823
                                                      Root MSE          =     1.6986
      
                                         (Std. Err. adjusted for 49 clusters in nstate)
      ---------------------------------------------------------------------------------
                      |               Robust
                    n |      Coef.   Std. Err.      t    P>|t|     [95% Conf. Interval]
      ----------------+----------------------------------------------------------------
            mean_diff |   1.690539   1.012576     1.67   0.102    -.3453817    3.726459
       mean_diff_last |  -.9675182   .5396332    -1.79   0.079    -2.052523     .117487
           population |   8.34e-07   9.38e-07     0.89   0.378    -1.05e-06    2.72e-06
                      |
           ncandidate |
               Trump  |   .0204015   .2030826     0.10   0.920    -.3879234    .4287264
                      |
                 week |
                   3  |   -.350426   .3291405    -1.06   0.292    -1.012207    .3113553
                   4  |  -.3292559   .2754378    -1.20   0.238    -.8830608     .224549
                   5  |  -.4123444   .4292354    -0.96   0.342     -1.27538    .4506912
                   6  |  -.6526933   .3838084    -1.70   0.095    -1.424392    .1190051
                   7  |  -.4278858   .3782584    -1.13   0.264    -1.188425    .3326537
                   8  |  -.0945904   .3879883    -0.24   0.808    -.8746932    .6855124
                   9  |    .001469   .4149401     0.00   0.997    -.8328239    .8357619
                  10  |  -.3511183   .4868288    -0.72   0.474    -1.329953    .6277167
                  11  |  -.2697664   .4318632    -0.62   0.535    -1.138085    .5985527
                  12  |  -.3658319   .4404167    -0.83   0.410    -1.251349    .5196853
                  13  |   .1551988   .4357928     0.36   0.723    -.7210214    1.031419
                  14  |  -.5538084   .4111867    -1.35   0.184    -1.380555    .2729378
                  15  |  -.4179048   .4191831    -1.00   0.324    -1.260729    .4249193
                  16  |  -.9382981   .4477293    -2.10   0.041    -1.838518    -.038078
                  17  |  -.1831636   .3424672    -0.53   0.595    -.8717401    .5054128
                  18  |  -.6053417   .3680371    -1.64   0.107     -1.34533    .1346465
                  19  |  -.7020278   .4475173    -1.57   0.123    -1.601822    .1977662
                  20  |  -.7064645   .4437406    -1.59   0.118    -1.598665    .1857358
                  21  |  -.6215344   .4576714    -1.36   0.181    -1.541744    .2986755
                  22  |  -1.168695   .4598437    -2.54   0.014    -2.093273   -.2441177
                  23  |  -.7823755   .4575828    -1.71   0.094    -1.702407    .1376563
                  24  |  -1.152442   .4246068    -2.71   0.009    -2.006171    -.298713
                  25  |  -.6136101   .5178402    -1.18   0.242    -1.654798    .4275773
                  26  |  -.7070008   .4149781    -1.70   0.095     -1.54137    .1273687
                  27  |  -.6573916   .4389734    -1.50   0.141    -1.540007    .2252235
                  28  |  -1.068858   .5264111    -2.03   0.048    -2.127279   -.0104375
                  29  |  -.5468065   .4767116    -1.15   0.257    -1.505299    .4116864
                  30  |  -.8300324   .5037418    -1.65   0.106    -1.842873    .1828083
                  31  |  -.7932009   .5168953    -1.53   0.131    -1.832488    .2460867
                  32  |  -.4025554   .4576934    -0.88   0.383     -1.32281    .5176988
                  33  |  -.8445033   .4641579    -1.82   0.075    -1.777755    .0887486
                  34  |  -1.290974   .5388769    -2.40   0.021    -2.374459   -.2074896
                  35  |  -1.420283   .4570523    -3.11   0.003    -2.339248   -.5013175
                  36  |  -1.490163   .5258905    -2.83   0.007    -2.547537   -.4327894
                  37  |   -1.24456   .4759632    -2.61   0.012    -2.201548   -.2875715
                  38  |  -1.458045   .5015658    -2.91   0.006    -2.466511   -.4495798
                  39  |  -1.198821   .4256522    -2.82   0.007    -2.054652   -.3429898
                  40  |  -1.281724   .4456571    -2.88   0.006    -2.177777   -.3856701
                  41  |  -1.310677   .4804989    -2.73   0.009    -2.276785   -.3445695
                  42  |  -1.268486   .5070439    -2.50   0.016    -2.287966   -.2490054
                  43  |  -1.235968   .5403257    -2.29   0.027    -2.322366   -.1495705
                  44  |  -.9059751   .5257116    -1.72   0.091    -1.962989    .1510388
                  45  |  -.8968604   .4795294    -1.87   0.068    -1.861019    .0672981
                  46  |  -.6811055   .5240488    -1.30   0.200    -1.734776    .3725653
                  47  |  -.8617431   .5729998    -1.50   0.139    -2.013836    .2903503
                  48  |  -1.067159   .5373104    -1.99   0.053    -2.147494    .0131754
                  49  |  -1.249785   .5092369    -2.45   0.018    -2.273675   -.2258957
                  50  |  -.8888769   .5453519    -1.63   0.110     -1.98538    .2076266
                  51  |  -.6666677   .6003974    -1.11   0.272    -1.873848    .5405122
                  52  |  -.7476685   .5075186    -1.47   0.147    -1.768103     .272766
                  53  |  -.5772687   .4400613    -1.31   0.196    -1.462071    .3075338
                  54  |  -1.142389   .4566622    -2.50   0.016     -2.06057   -.2242083
                  55  |  -.9838107    .371544    -2.65   0.011     -1.73085   -.2367714
                  56  |   -.885035   .5516136    -1.60   0.115    -1.994128    .2240584
                  57  |  -1.069411   .5481473    -1.95   0.057    -2.171536    .0327126
                  58  |  -.8028477    .487551    -1.65   0.106    -1.783135    .1774393
                  59  |  -.4754753   .4662269    -1.02   0.313    -1.412887    .4619367
                  60  |  -.7740059   .5081704    -1.52   0.134    -1.795751    .2477391
                  61  |  -.3986854   .3768005    -1.06   0.295    -1.156294    .3589228
                  62  |  -.4590342   .5204187    -0.88   0.382    -1.505406    .5873377
                  63  |  -.0072634    .474075    -0.02   0.988    -.9604551    .9459283
                  64  |  -.5066741   .4853295    -1.04   0.302    -1.482494    .4691462
                  65  |  -.7059795   .5997264    -1.18   0.245     -1.91181    .4998512
                  66  |  -.2647147   .5367013    -0.49   0.624    -1.343825    .8143955
                  67  |  -.8518505   .4764073    -1.79   0.080    -1.809732    .1060307
                  68  |  -.8700319   .5052661    -1.72   0.092    -1.885938    .1458737
                  69  |  -1.186532   .5227473    -2.27   0.028    -2.237586   -.1354781
                  70  |  -1.121046   .6001447    -1.87   0.068    -2.327718    .0856252
                  71  |  -.6197161   .4371024    -1.42   0.163    -1.498569    .2591372
                  72  |  -.7270054   .5331725    -1.36   0.179     -1.79902    .3450097
                  73  |  -.6380811   .4570035    -1.40   0.169    -1.556948     .280786
                  74  |   -.454145   .5489365    -0.83   0.412    -1.557856    .6495658
                  75  |  -1.061609   .5070712    -2.09   0.042    -2.081144    -.042074
                  76  |  -.5371871   .5399384    -0.99   0.325    -1.622806    .5484319
                  77  |  -.8633321   .5763416    -1.50   0.141    -2.022145    .2954803
                  78  |  -.6909836   .5816493    -1.19   0.241    -1.860468    .4785007
                  79  |  -.3044741   .5873644    -0.52   0.607    -1.485449    .8765012
                      |
               nstate |
              Alaska  |   3.424181   3.867622     0.89   0.380    -4.352194    11.20056
             Arizona  |   2.007271   1.914279     1.05   0.300    -1.841644    5.856186
            Arkansas  |   1.364637   1.742826     0.78   0.437    -2.139549    4.868823
          California  |  -12.15542   32.05406    -0.38   0.706    -76.60443    52.29359
            Colorado  |   1.066108   .6391294     1.67   0.102    -.2189478    2.351164
         Connecticut  |   3.148301   1.330963     2.37   0.022      .472221    5.824382
            Delaware  |   3.350488   3.696997     0.91   0.369    -4.082822     10.7838
             Florida  |  -11.66016   14.63481    -0.80   0.430    -41.08542    17.76509
             Georgia  |  -3.992215   5.073217    -0.79   0.435     -14.1926     6.20817
               Idaho  |    2.71368   2.939947     0.92   0.361     -3.19748    8.624841
            Illinois  |  -4.823178   7.461737    -0.65   0.521    -19.82601    10.17965
             Indiana  |  -.2508652   1.637708    -0.15   0.879    -3.543698    3.041968
                Iowa  |   1.276426   1.602837     0.80   0.430    -1.946295    4.499146
              Kansas  |   2.477019   1.825145     1.36   0.181     -1.19268    6.146718
            Kentucky  |   3.973548   .4130193     9.62   0.000     3.143117    4.803979
           Louisiana  |    .568357   .1803761     3.15   0.003     .2056866    .9310274
               Maine  |    3.44763   3.293547     1.05   0.300     -3.17449    10.06975
            Maryland  |  -.4799305   1.085973    -0.44   0.661    -2.663426    1.703565
       Massachusetts  |   6.081777   1.848324     3.29   0.002     2.365471    9.798082
            Michigan  |   2.414975   4.772898     0.51   0.615    -7.181579    12.01153
           Minnesota  |   1.646959   .6570488     2.51   0.016     .3258736    2.968044
         Mississippi  |   1.434466   1.779211     0.81   0.424    -2.142878     5.01181
            Missouri  |   .5411972   1.203335     0.45   0.655     -1.87827    2.960665
             Montana  |   3.559013   3.570648     1.00   0.324    -3.620256    10.73828
            Nebraska  |   2.760143   2.781091     0.99   0.326    -2.831615    8.351901
              Nevada  |   2.450514   1.852851     1.32   0.192    -1.274891     6.17592
       New Hampshire  |   3.099411   3.289601     0.94   0.351    -3.514776    9.713598
          New Jersey  |   2.160162   3.761146     0.57   0.568    -5.402129    9.722454
          New Mexico  |   2.374837    2.58684     0.92   0.363    -2.826354    7.576027
            New York  |  -2.490981   13.88238    -0.18   0.858    -30.40337    25.42141
      North Carolina  |  -1.537504   4.927879    -0.31   0.756    -11.44567    8.370661
        North Dakota  |   3.637955   3.887064     0.94   0.354    -4.177511    11.45342
                Ohio  |   3.124273   6.309582     0.50   0.623    -9.561991    15.81054
            Oklahoma  |   1.165471   .8925787     1.31   0.198    -.6291786    2.960121
              Oregon  |   1.960735   .7474765     2.62   0.012      .457833    3.463637
        Pennsylvania  |   -5.74309   7.447159    -0.77   0.444    -20.71661    9.230428
        Rhode Island  |   3.288683   3.570338     0.92   0.362    -3.889962    10.46733
      South Carolina  |   .4044921   .0708373     5.71   0.000     .2620641    .5469201
        South Dakota  |   3.457707     3.7762     0.92   0.364    -4.134852    11.05027
           Tennessee  |   1.647039   1.652433     1.00   0.324    -1.675401    4.969478
               Texas  |  -15.75505   21.45285    -0.73   0.466    -58.88888    27.37879
                Utah  |   2.428449   1.722597     1.41   0.165    -1.035064    5.891963
             Vermont  |   3.750971   3.994557     0.94   0.352    -4.280625    11.78257
            Virginia  |  -.4302774   3.353574    -0.13   0.898     -7.17309    6.312535
          Washington  |   4.161011   2.276508     1.83   0.074     -.416215    8.738236
       West Virginia  |   3.143334   2.845652     1.10   0.275    -2.578233    8.864902
           Wisconsin  |   -.373564    .859806    -0.43   0.666     -2.10232    1.355192
             Wyoming  |    3.43255   4.030097     0.85   0.399    -4.670503     11.5356
                      |
                _cons |  -3.865056   4.831086    -0.80   0.428    -13.57861    5.848494
      ---------------------------------------------------------------------------------
      
     7 . xtreg n mean_diff mean_diff_last i.ncandidate i.year#i.month_year if week > 1, fe robust
      note: 2015b.year#1b.month_year identifies no observations in the sample
      note: 2015b.year#2.month_year identifies no observations in the sample
      note: 2015b.year#3.month_year identifies no observations in the sample
      note: 2015b.year#4.month_year identifies no observations in the sample
      note: 2016.year#11.month_year omitted because of collinearity
      note: 2016.year#12.month_year identifies no observations in the sample
      
      Fixed-effects (within) regression               Number of obs     =      3,822
      Group variable: nstate                          Number of groups  =         49
      
      R-sq:                                           Obs per group:
           within  = 0.0301                                         min =         78
           between = 0.1181                                         avg =       78.0
           overall = 0.0009                                         max =         78
      
                                                      F(21,48)          =       2.57
      corr(u_i, Xb)  = -0.1339                        Prob > F          =     0.0035
      
                                         (Std. Err. adjusted for 49 clusters in nstate)
      ---------------------------------------------------------------------------------
                      |               Robust
                    n |      Coef.   Std. Err.      t    P>|t|     [95% Conf. Interval]
      ----------------+----------------------------------------------------------------
            mean_diff |   1.409271   .8769076     1.61   0.115    -.3538703    3.172412
       mean_diff_last |  -.6272723   .5115307    -1.23   0.226    -1.655774    .4012291
                      |
           ncandidate |
               Trump  |   .0795303   .2198943     0.36   0.719    -.3625969    .5216574
                      |
      year#month_year |
             2015  1  |          0  (empty)
             2015  2  |          0  (empty)
             2015  3  |          0  (empty)
             2015  4  |          0  (empty)
             2015  5  |   .0363994   .4445613     0.08   0.935     -.857451    .9302498
             2015  6  |  -.0295823     .38208    -0.08   0.939    -.7978055     .738641
             2015  7  |   .0687536    .405844     0.17   0.866    -.7472504    .8847576
             2015  8  |  -.2588703   .3816042    -0.68   0.501    -1.026137    .5083964
             2015  9  |  -.5207929   .3203139    -1.63   0.111    -1.164827    .1232413
             2015 10  |  -.5390405   .3125455    -1.72   0.091    -1.167455    .0893742
             2015 11  |  -.4941414    .301172    -1.64   0.107    -1.099688    .1114056
             2015 12  |  -.6729716   .3034224    -2.22   0.031    -1.283043   -.0628999
             2016  1  |  -1.018773    .362653    -2.81   0.007    -1.747936   -.2896102
             2016  2  |  -.9487007   .3632585    -2.61   0.012    -1.679081   -.2183206
             2016  3  |  -.5673486   .3622582    -1.57   0.124    -1.295718    .1610204
             2016  4  |  -.5732741   .2703136    -2.12   0.039    -1.116776   -.0297722
             2016  5  |  -.6207334   .2813257    -2.21   0.032    -1.186377   -.0550901
             2016  6  |  -.3087402   .2885544    -1.07   0.290    -.8889177    .2714373
             2016  7  |  -.1058722   .2870754    -0.37   0.714     -.683076    .4713315
             2016  8  |  -.5557969   .2620929    -2.12   0.039     -1.08277   -.0288239
             2016  9  |  -.2979707   .2917515    -1.02   0.312    -.8845765    .2886351
             2016 10  |  -.4758384   .2744399    -1.73   0.089    -1.027637      .07596
             2016 11  |          0  (omitted)
             2016 12  |          0  (empty)
                      |
                _cons |   1.862897   1.108712     1.68   0.099    -.3663179    4.092112
      ----------------+----------------------------------------------------------------
              sigma_u |  3.2170965
              sigma_e |  1.6994969
                  rho |  .78181826   (fraction of variance due to u_i)
      ---------------------------------------------------------------------------------
      
     8 . 
     9 . //Weighted OLS with last
    10 . reg n mean_diff mean_diff_last population i.ncandidate i.week i.nstate [aweight = population] if week > 1,
      >  cluster(nstate) robust
      (sum of wgt is   2.4956e+10)
      
      Linear regression                               Number of obs     =      3,822
                                                      F(47, 48)         =          .
                                                      Prob > F          =          .
                                                      R-squared         =     0.8334
                                                      Root MSE          =     2.3516
      
                                         (Std. Err. adjusted for 49 clusters in nstate)
      ---------------------------------------------------------------------------------
                      |               Robust
                    n |      Coef.   Std. Err.      t    P>|t|     [95% Conf. Interval]
      ----------------+----------------------------------------------------------------
            mean_diff |   3.759407   1.136329     3.31   0.002     1.474665     6.04415
       mean_diff_last |  -1.481132   .5740228    -2.58   0.013    -2.635282   -.3269816
           population |   1.32e-06   1.20e-06     1.10   0.278    -1.10e-06    3.73e-06
                      |
           ncandidate |
               Trump  |    .288294   .2312186     1.25   0.219    -.1766022    .7531901
                      |
                 week |
                   3  |  -1.086395   .5323689    -2.04   0.047    -2.156795   -.0159961
                   4  |  -.2544386   .4118471    -0.62   0.540    -1.082513    .5736354
                   5  |  -.4942568   .6510583    -0.76   0.451    -1.803297    .8147836
                   6  |  -1.391201    .614667    -2.26   0.028    -2.627072   -.1553301
                   7  |  -.2831936   .7392899    -0.38   0.703    -1.769636    1.203248
                   8  |   .6787152   1.243999     0.55   0.588    -1.822512    3.179942
                   9  |   .2517791    .561091     0.45   0.656    -.8763699    1.379928
                  10  |    1.03778   1.730287     0.60   0.551    -2.441195    4.516755
                  11  |  -.7266428   .5251867    -1.38   0.173    -1.782601    .3293159
                  12  |  -.6636656   .6644992    -1.00   0.323    -1.999731    .6723995
                  13  |   .9373684   1.243148     0.75   0.455    -1.562148    3.436885
                  14  |  -1.209426   .8099099    -1.49   0.142    -2.837859    .4190069
                  15  |  -.8185261   .7500867    -1.09   0.281    -2.326676    .6896243
                  16  |   -1.08489   .8351006    -1.30   0.200    -2.763972    .5941927
                  17  |   .2625684   .8262569     0.32   0.752    -1.398732    1.923869
                  18  |  -.7447962   .5543613    -1.34   0.185    -1.859414     .369822
                  19  |  -1.398629   .6378587    -2.19   0.033     -2.68113    -.116128
                  20  |  -1.121813   .6786157    -1.65   0.105    -2.486262    .2426351
                  21  |   -.641417    .897123    -0.71   0.478    -2.445204     1.16237
                  22  |  -2.044128   .6524314    -3.13   0.003     -3.35593   -.7323269
                  23  |  -.7535821   .9807086    -0.77   0.446    -2.725429    1.218265
                  24  |   -1.84694   .6335015    -2.92   0.005     -3.12068   -.5732004
                  25  |  -1.852452   .8402425    -2.20   0.032    -3.541872   -.1630307
                  26  |  -1.503706   .7017065    -2.14   0.037    -2.914581     -.09283
                  27  |  -.7150987   .7329735    -0.98   0.334    -2.188841    .7586432
                  28  |   -1.69944   1.039412    -1.64   0.109    -3.789318    .3904381
                  29  |  -1.079127    .909139    -1.19   0.241    -2.907073    .7488195
                  30  |  -.9392651   .9166064    -1.02   0.311    -2.782226    .9036955
                  31  |  -.7092564   1.044126    -0.68   0.500    -2.808612      1.3901
                  32  |   .4062944   1.045235     0.39   0.699    -1.695292    2.507881
                  33  |  -.8981164   .8619184    -1.04   0.303    -2.631119    .8348866
                  34  |  -2.025328   1.054734    -1.92   0.061    -4.146013    .0953572
                  35  |  -1.966524   .9226102    -2.13   0.038    -3.821556   -.1114916
                  36  |  -2.909848   .9274365    -3.14   0.003    -4.774584   -1.045112
                  37  |  -1.948618   .7817556    -2.49   0.016    -3.520443   -.3767931
                  38  |   -2.18252   .8379181    -2.60   0.012    -3.867267   -.4977724
                  39  |  -2.302891   .6737784    -3.42   0.001    -3.657614   -.9481692
                  40  |  -2.019749   .7194857    -2.81   0.007    -3.466372   -.5731264
                  41  |  -2.073777   .6874278    -3.02   0.004    -3.455943    -.691611
                  42  |  -1.555881   .8798344    -1.77   0.083    -3.324906    .2131448
                  43  |   -1.45705   1.275676    -1.14   0.259    -4.021969    1.107869
                  44  |  -.7424018   1.372688    -0.54   0.591    -3.502376    2.017572
                  45  |  -1.327826   .8514291    -1.56   0.125    -3.039739    .3840868
                  46  |  -1.232093   .7191321    -1.71   0.093    -2.678005    .2138194
                  47  |  -.6321566   1.161645    -0.54   0.589    -2.967801    1.703488
                  48  |  -1.452096   .9037341    -1.61   0.115    -3.269175    .3649834
                  49  |  -2.083627   .7173485    -2.90   0.006    -3.525952   -.6413007
                  50  |   -1.06037   .9122407    -1.16   0.251    -2.894553    .7738132
                  51  |  -1.196766   .9031703    -1.33   0.191    -3.012712    .6191797
                  52  |  -.7081381   .9062089    -0.78   0.438    -2.530193    1.113917
                  53  |  -1.224932    .939606    -1.30   0.199    -3.114136    .6642727
                  54  |  -2.367752   .7332786    -3.23   0.002    -3.842108    -.893397
                  55  |  -1.278938   .6327989    -2.02   0.049    -2.551266   -.0066108
                  56  |  -1.922564   .8822306    -2.18   0.034    -3.696407   -.1487201
                  57  |  -1.283863   1.274961    -1.01   0.319    -3.847343    1.279617
                  58  |  -.7394546   .9846936    -0.75   0.456    -2.719314    1.240405
                  59  |  -.1918791   .9834478    -0.20   0.846    -2.169233    1.785475
                  60  |  -.4886357   1.178957    -0.41   0.680    -2.859087    1.881815
                  61  |   -1.07315   .5567413    -1.93   0.060    -2.192553    .0462538
                  62  |  -.6701174   .8248351    -0.81   0.421     -2.32856    .9883248
                  63  |   .5213163   1.388863     0.38   0.709     -2.27118    3.313813
                  64  |  -.7349461   .8862639    -0.83   0.411    -2.516899    1.047007
                  65  |  -1.173241   .9201082    -1.28   0.208    -3.023242    .6767611
                  66  |  -1.052175    .696841    -1.51   0.138    -2.453267     .348918
                  67  |  -1.476764   .6037278    -2.45   0.018     -2.69064   -.2628874
                  68  |  -2.459169   .9539515    -2.58   0.013    -4.377217   -.5411207
                  69  |  -2.709296   1.126328    -2.41   0.020     -4.97393   -.4446617
                  70  |  -2.372187   .8641143    -2.75   0.008    -4.109605   -.6347688
                  71  |  -.6603632   .7260774    -0.91   0.368     -2.12024    .7995133
                  72  |  -.5275966   1.155999    -0.46   0.650    -2.851889    1.796696
                  73  |    -.91147   .7872692    -1.16   0.253    -2.494381    .6714408
                  74  |  -.4342798   1.001113    -0.43   0.666    -2.447153    1.578594
                  75  |  -1.758924   .7185618    -2.45   0.018    -3.203689   -.3141584
                  76  |  -.3682229   1.237368    -0.30   0.767    -2.856117    2.119672
                  77  |  -1.434263   .8141247    -1.76   0.084     -3.07117    .2026447
                  78  |  -.9138963   .7632845    -1.20   0.237    -2.448583      .62079
                  79  |  -.9211696   .7958558    -1.16   0.253    -2.521345    .6790058
                      |
               nstate |
              Alaska  |   5.653643   4.888946     1.16   0.253    -4.176243    15.48353
             Arizona  |    .991596   2.445526     0.41   0.687    -3.925464    5.908656
            Arkansas  |   2.146088    2.25479     0.95   0.346    -2.387472    6.679647
          California  |  -27.89284   41.21436    -0.68   0.502    -110.7599    54.97418
            Colorado  |   1.143313     .89751     1.27   0.209    -.6612516    2.947878
         Connecticut  |   4.664854   1.494308     3.12   0.003     1.660346    7.669361
            Delaware  |   5.764015   4.602129     1.25   0.216    -3.489186    15.01722
             Florida  |  -19.28212   18.72026    -1.03   0.308    -56.92172    18.35747
             Georgia  |  -6.726543   6.470172    -1.04   0.304     -19.7357    6.282609
               Idaho  |   3.762562    3.85689     0.98   0.334    -3.992234    11.51736
            Illinois  |  -8.066582   9.694129    -0.83   0.409    -27.55793    11.42477
             Indiana  |  -.9704633   2.121661    -0.46   0.649    -5.236348    3.295421
                Iowa  |   1.919731   2.088715     0.92   0.363    -2.279912    6.119374
              Kansas  |   3.398903   2.340206     1.45   0.153    -1.306397    8.104204
            Kentucky  |   4.261252   .5131561     8.30   0.000     3.229483    5.293022
           Louisiana  |   .6890935   .2250958     3.06   0.004     .2365079    1.141679
               Maine  |   5.022966   4.241045     1.18   0.242    -3.504226    13.55016
            Maryland  |  -.6255018   1.481736    -0.42   0.675    -3.604732    2.353728
       Massachusetts  |   5.483779   2.453142     2.24   0.030     .5514065    10.41615
            Michigan  |   .2417111   6.183717     0.04   0.969    -12.19149    12.67491
           Minnesota  |   1.572169   .8984267     1.75   0.087    -.2342394    3.378576
         Mississippi  |   2.505969   2.245611     1.12   0.270    -2.009135    7.021073
            Missouri  |  -.3844525   1.476718    -0.26   0.796    -3.353594    2.584689
             Montana  |   5.632257   4.498518     1.25   0.217    -3.412619    14.67713
            Nebraska  |   4.232892   3.552238     1.19   0.239    -2.909361    11.37515
              Nevada  |   3.707303   2.290613     1.62   0.112    -.8982836     8.31289
       New Hampshire  |   5.029543   4.140411     1.21   0.230    -3.295311     13.3544
          New Jersey  |   .6781446   4.925414     0.14   0.891    -9.225063    10.58135
          New Mexico  |   3.935918    3.24281     1.21   0.231    -2.584189    10.45602
            New York  |  -9.334551   17.85571    -0.52   0.604    -45.23585    26.56675
      North Carolina  |  -4.155156   6.293308    -0.66   0.512     -16.8087    8.498388
        North Dakota  |   5.896194   4.922414     1.20   0.237    -4.000983    15.79337
                Ohio  |   .1529935   8.134265     0.02   0.985    -16.20204    16.50803
            Oklahoma  |   1.694321   1.128355     1.50   0.140    -.5743891    3.963031
              Oregon  |   2.458454   .9033529     2.72   0.009     .6421415    4.274767
        Pennsylvania  |   -9.64294   9.523162    -1.01   0.316    -28.79054     9.50466
        Rhode Island  |   5.493164     4.4704     1.23   0.225    -3.495177     14.4815
      South Carolina  |   .3416725   .0858225     3.98   0.000     .1691149    .5142301
        South Dakota  |   5.567519    4.80045     1.16   0.252    -4.084434    15.21947
           Tennessee  |   .7918133   2.115189     0.37   0.710    -3.461059    5.044686
               Texas  |  -26.77676    27.4721    -0.97   0.335    -82.01312     28.4596
                Utah  |   3.275782   2.213563     1.48   0.145    -1.174885    7.726448
             Vermont  |   6.298249   4.987366     1.26   0.213    -3.729522    16.32602
            Virginia  |  -2.023885   4.340179    -0.47   0.643     -10.7504    6.702629
          Washington  |   3.133802   2.961019     1.06   0.295    -2.819725     9.08733
       West Virginia  |   4.675466   3.629174     1.29   0.204    -2.621478    11.97241
           Wisconsin  |  -.8693872   1.089822    -0.80   0.429    -3.060622    1.321847
             Wyoming  |   5.652711   5.129497     1.10   0.276    -4.660834    15.96626
                      |
                _cons |  -7.851997   5.974524    -1.31   0.195    -19.86458    4.160588
      ---------------------------------------------------------------------------------
      
    11 . 
    12 . //Weighted OLS with last (crime rate)
    13 . reg crime_rate mean_diff mean_diff_last population i.ncandidate i.week i.nstate if week > 1 [aweight = pop
      > ulation], cluster(nstate) robust
      (sum of wgt is   2.4956e+10)
      
      Linear regression                               Number of obs     =      3,822
                                                      F(47, 48)         =          .
                                                      Prob > F          =          .
                                                      R-squared         =     0.5191
                                                      Root MSE          =     2.6e-07
      
                                         (Std. Err. adjusted for 49 clusters in nstate)
      ---------------------------------------------------------------------------------
                      |               Robust
           crime_rate |      Coef.   Std. Err.      t    P>|t|     [95% Conf. Interval]
      ----------------+----------------------------------------------------------------
            mean_diff |   2.62e-07   1.17e-07     2.23   0.030     2.58e-08    4.98e-07
       mean_diff_last |  -1.19e-07   9.42e-08    -1.27   0.211    -3.09e-07    7.01e-08
           population |   9.46e-14   5.92e-14     1.60   0.117    -2.45e-14    2.14e-13
                      |
           ncandidate |
               Trump  |   1.60e-08   3.16e-08     0.51   0.615    -4.75e-08    7.95e-08
                      |
                 week |
                   3  |  -6.00e-08   4.84e-08    -1.24   0.222    -1.57e-07    3.74e-08
                   4  |  -4.32e-08   4.25e-08    -1.01   0.315    -1.29e-07    4.24e-08
                   5  |  -5.44e-08   6.32e-08    -0.86   0.393    -1.81e-07    7.26e-08
                   6  |  -9.09e-08   5.34e-08    -1.70   0.095    -1.98e-07    1.64e-08
                   7  |  -6.05e-08   5.57e-08    -1.09   0.283    -1.73e-07    5.15e-08
                   8  |  -1.61e-08   5.44e-08    -0.30   0.769    -1.26e-07    9.34e-08
                   9  |  -2.11e-10   6.48e-08    -0.00   0.997    -1.30e-07    1.30e-07
                  10  |  -5.51e-08   7.36e-08    -0.75   0.458    -2.03e-07    9.29e-08
                  11  |  -4.15e-08   6.36e-08    -0.65   0.517    -1.69e-07    8.63e-08
                  12  |  -5.48e-08   6.69e-08    -0.82   0.417    -1.89e-07    7.98e-08
                  13  |   2.37e-08   6.10e-08     0.39   0.700    -9.89e-08    1.46e-07
                  14  |  -8.69e-08   6.13e-08    -1.42   0.163    -2.10e-07    3.65e-08
                  15  |  -6.53e-08   6.12e-08    -1.07   0.291    -1.88e-07    5.78e-08
                  16  |  -1.46e-07   6.66e-08    -2.19   0.034    -2.80e-07   -1.17e-08
                  17  |  -2.87e-08   4.94e-08    -0.58   0.565    -1.28e-07    7.07e-08
                  18  |  -9.37e-08   5.41e-08    -1.73   0.090    -2.02e-07    1.51e-08
                  19  |  -1.10e-07   6.51e-08    -1.68   0.099    -2.41e-07    2.12e-08
                  20  |  -1.10e-07   6.62e-08    -1.66   0.104    -2.43e-07    2.35e-08
                  21  |  -9.46e-08   6.73e-08    -1.41   0.166    -2.30e-07    4.07e-08
                  22  |  -1.80e-07   6.59e-08    -2.73   0.009    -3.13e-07   -4.74e-08
                  23  |  -1.20e-07   6.67e-08    -1.80   0.079    -2.54e-07    1.43e-08
                  24  |  -1.76e-07   6.38e-08    -2.76   0.008    -3.05e-07   -4.80e-08
                  25  |  -9.62e-08   7.52e-08    -1.28   0.207    -2.47e-07    5.51e-08
                  26  |  -1.10e-07   6.04e-08    -1.82   0.074    -2.32e-07    1.13e-08
                  27  |  -1.03e-07   6.62e-08    -1.56   0.126    -2.36e-07    3.01e-08
                  28  |  -1.65e-07   7.64e-08    -2.16   0.036    -3.18e-07   -1.12e-08
                  29  |  -8.49e-08   6.78e-08    -1.25   0.216    -2.21e-07    5.14e-08
                  30  |  -1.27e-07   7.23e-08    -1.76   0.084    -2.73e-07    1.80e-08
                  31  |  -1.22e-07   7.52e-08    -1.62   0.112    -2.73e-07    2.96e-08
                  32  |  -6.21e-08   6.84e-08    -0.91   0.368    -2.00e-07    7.53e-08
                  33  |  -1.30e-07   6.93e-08    -1.88   0.066    -2.70e-07    8.93e-09
                  34  |  -2.00e-07   7.73e-08    -2.58   0.013    -3.55e-07   -4.43e-08
                  35  |  -2.20e-07   6.60e-08    -3.32   0.002    -3.52e-07   -8.67e-08
                  36  |  -2.39e-07   7.23e-08    -3.30   0.002    -3.84e-07   -9.32e-08
                  37  |  -1.98e-07   6.90e-08    -2.88   0.006    -3.37e-07   -5.96e-08
                  38  |  -2.31e-07   7.12e-08    -3.24   0.002    -3.74e-07   -8.76e-08
                  39  |  -1.92e-07   5.79e-08    -3.32   0.002    -3.09e-07   -7.60e-08
                  40  |  -2.04e-07   6.50e-08    -3.14   0.003    -3.35e-07   -7.34e-08
                  41  |  -2.10e-07   6.99e-08    -3.01   0.004    -3.51e-07   -6.98e-08
                  42  |  -2.04e-07   7.45e-08    -2.74   0.009    -3.53e-07   -5.39e-08
                  43  |  -1.99e-07   7.42e-08    -2.68   0.010    -3.48e-07   -4.98e-08
                  44  |  -1.50e-07   7.38e-08    -2.03   0.048    -2.98e-07   -1.62e-09
                  45  |  -1.48e-07   6.73e-08    -2.20   0.033    -2.83e-07   -1.29e-08
                  46  |  -1.16e-07   7.53e-08    -1.54   0.129    -2.68e-07    3.51e-08
                  47  |  -1.43e-07   8.33e-08    -1.72   0.092    -3.11e-07    2.41e-08
                  48  |  -1.75e-07   7.50e-08    -2.33   0.024    -3.25e-07   -2.36e-08
                  49  |  -2.02e-07   6.88e-08    -2.93   0.005    -3.40e-07   -6.33e-08
                  50  |  -1.48e-07   7.65e-08    -1.93   0.059    -3.02e-07    5.80e-09
                  51  |  -1.14e-07   8.32e-08    -1.37   0.176    -2.82e-07    5.31e-08
                  52  |  -1.30e-07   7.09e-08    -1.83   0.074    -2.72e-07    1.29e-08
                  53  |  -1.03e-07   6.69e-08    -1.54   0.130    -2.38e-07    3.16e-08
                  54  |  -1.87e-07   6.08e-08    -3.08   0.003    -3.10e-07   -6.52e-08
                  55  |  -1.63e-07   5.12e-08    -3.17   0.003    -2.66e-07   -5.95e-08
                  56  |  -1.48e-07   7.97e-08    -1.85   0.070    -3.08e-07    1.25e-08
                  57  |  -1.75e-07   7.47e-08    -2.34   0.023    -3.25e-07   -2.49e-08
                  58  |  -1.36e-07   6.98e-08    -1.95   0.057    -2.77e-07    3.97e-09
                  59  |  -8.68e-08   6.49e-08    -1.34   0.187    -2.17e-07    4.37e-08
                  60  |  -1.34e-07   7.23e-08    -1.85   0.070    -2.79e-07    1.16e-08
                  61  |  -7.64e-08   5.71e-08    -1.34   0.187    -1.91e-07    3.85e-08
                  62  |  -8.27e-08   7.33e-08    -1.13   0.265    -2.30e-07    6.47e-08
                  63  |  -1.40e-08   6.29e-08    -0.22   0.825    -1.40e-07    1.12e-07
                  64  |  -8.45e-08   6.49e-08    -1.30   0.199    -2.15e-07    4.59e-08
                  65  |  -1.24e-07   8.09e-08    -1.53   0.132    -2.87e-07    3.86e-08
                  66  |  -5.60e-08   8.01e-08    -0.70   0.488    -2.17e-07    1.05e-07
                  67  |  -1.47e-07   6.81e-08    -2.16   0.036    -2.84e-07   -1.01e-08
                  68  |  -1.47e-07   7.03e-08    -2.10   0.041    -2.89e-07   -6.08e-09
                  69  |  -1.95e-07   7.17e-08    -2.72   0.009    -3.39e-07   -5.11e-08
                  70  |  -1.85e-07   7.99e-08    -2.32   0.025    -3.46e-07   -2.48e-08
                  71  |  -1.08e-07   6.12e-08    -1.77   0.083    -2.31e-07    1.48e-08
                  72  |  -1.24e-07   7.62e-08    -1.63   0.111    -2.77e-07    2.94e-08
                  73  |  -1.12e-07   6.16e-08    -1.81   0.076    -2.35e-07    1.22e-08
                  74  |  -8.36e-08   7.89e-08    -1.06   0.295    -2.42e-07    7.50e-08
                  75  |  -1.76e-07   6.79e-08    -2.60   0.012    -3.13e-07   -3.99e-08
                  76  |  -9.81e-08   7.63e-08    -1.28   0.205    -2.52e-07    5.54e-08
                  77  |  -1.41e-07   7.44e-08    -1.90   0.064    -2.91e-07    8.31e-09
                  78  |  -1.17e-07   7.78e-08    -1.51   0.138    -2.74e-07    3.91e-08
                  79  |  -6.03e-08   7.76e-08    -0.78   0.441    -2.16e-07    9.57e-08
                      |
               nstate |
              Alaska  |   6.29e-07   2.41e-07     2.61   0.012     1.45e-07    1.11e-06
             Arizona  |   3.27e-07   1.21e-07     2.70   0.009     8.39e-08    5.71e-07
            Arkansas  |   1.54e-07   1.10e-07     1.40   0.168    -6.68e-08    3.74e-07
          California  |  -2.81e-06   2.03e-06    -1.38   0.173    -6.89e-06    1.27e-06
            Colorado  |   2.37e-07   5.52e-08     4.29   0.000     1.26e-07    3.48e-07
         Connecticut  |   7.08e-07   9.38e-08     7.55   0.000     5.20e-07    8.97e-07
            Delaware  |   5.85e-07   2.29e-07     2.55   0.014     1.23e-07    1.05e-06
             Florida  |  -1.46e-06   9.25e-07    -1.58   0.122    -3.32e-06    4.02e-07
             Georgia  |  -4.96e-07   3.21e-07    -1.54   0.129    -1.14e-06    1.50e-07
               Idaho  |   5.32e-07   1.85e-07     2.87   0.006     1.59e-07    9.05e-07
            Illinois  |  -6.14e-07   4.79e-07    -1.28   0.206    -1.58e-06    3.49e-07
             Indiana  |   5.12e-09   1.03e-07     0.05   0.961    -2.02e-07    2.12e-07
                Iowa  |   1.52e-07   1.01e-07     1.51   0.138    -5.06e-08    3.55e-07
              Kansas  |   5.15e-07   1.15e-07     4.47   0.000     2.84e-07    7.47e-07
            Kentucky  |   8.60e-07   2.69e-08    31.95   0.000     8.06e-07    9.15e-07
           Louisiana  |   1.08e-07   1.17e-08     9.21   0.000     8.43e-08    1.31e-07
               Maine  |   8.93e-07   2.07e-07     4.31   0.000     4.76e-07    1.31e-06
            Maryland  |  -2.56e-08   8.10e-08    -0.32   0.754    -1.88e-07    1.37e-07
       Massachusetts  |   9.46e-07   1.27e-07     7.43   0.000     6.90e-07    1.20e-06
            Michigan  |   1.74e-07   3.08e-07     0.56   0.575    -4.46e-07    7.94e-07
           Minnesota  |   3.41e-07   5.64e-08     6.05   0.000     2.28e-07    4.55e-07
         Mississippi  |   1.59e-07   1.14e-07     1.39   0.170    -7.03e-08    3.87e-07
            Missouri  |   1.25e-07   8.07e-08     1.55   0.128    -3.73e-08    2.87e-07
             Montana  |   9.37e-07   2.19e-07     4.27   0.000     4.96e-07    1.38e-06
            Nebraska  |   5.12e-07   1.76e-07     2.91   0.005     1.59e-07    8.66e-07
              Nevada  |   5.02e-07   1.14e-07     4.40   0.000     2.73e-07    7.32e-07
       New Hampshire  |   6.07e-07   2.02e-07     3.00   0.004     2.00e-07    1.01e-06
          New Jersey  |   2.37e-07   2.46e-07     0.96   0.341    -2.58e-07    7.32e-07
          New Mexico  |   3.73e-07   1.58e-07     2.36   0.023     5.49e-08    6.91e-07
            New York  |  -9.23e-07   8.85e-07    -1.04   0.302    -2.70e-06    8.56e-07
      North Carolina  |  -2.48e-07   3.12e-07    -0.80   0.430    -8.75e-07    3.79e-07
        North Dakota  |   8.34e-07   2.47e-07     3.37   0.001     3.37e-07    1.33e-06
                Ohio  |   9.67e-08   3.97e-07     0.24   0.809    -7.02e-07    8.96e-07
            Oklahoma  |   1.97e-07   5.70e-08     3.46   0.001     8.29e-08    3.12e-07
              Oregon  |   4.20e-07   4.85e-08     8.66   0.000     3.22e-07    5.17e-07
        Pennsylvania  |  -7.21e-07   4.72e-07    -1.53   0.133    -1.67e-06    2.29e-07
        Rhode Island  |   6.33e-07   2.20e-07     2.88   0.006     1.90e-07    1.08e-06
      South Carolina  |   8.65e-08   4.98e-09    17.36   0.000     7.65e-08    9.65e-08
        South Dakota  |   6.98e-07   2.40e-07     2.91   0.005     2.15e-07    1.18e-06
           Tennessee  |   2.89e-07   1.04e-07     2.77   0.008     7.91e-08    4.99e-07
               Texas  |  -2.09e-06   1.36e-06    -1.54   0.130    -4.81e-06    6.36e-07
                Utah  |   5.06e-07   1.09e-07     4.66   0.000     2.88e-07    7.25e-07
             Vermont  |   9.58e-07   2.48e-07     3.87   0.000     4.60e-07    1.46e-06
            Virginia  |  -4.98e-08   2.23e-07    -0.22   0.824    -4.97e-07    3.98e-07
          Washington  |   6.15e-07   1.55e-07     3.95   0.000     3.02e-07    9.27e-07
       West Virginia  |   7.05e-07   1.80e-07     3.91   0.000     3.43e-07    1.07e-06
           Wisconsin  |  -2.88e-08   5.48e-08    -0.52   0.602    -1.39e-07    8.14e-08
             Wyoming  |   4.73e-07   2.56e-07     1.85   0.070    -4.11e-08    9.87e-07
                      |
                _cons |  -4.57e-07   3.19e-07    -1.43   0.158    -1.10e-06    1.84e-07
      ---------------------------------------------------------------------------------
      
    14 . 
    15 . translate @Results Reg_whole_last.txt
