                                                       ___  ____  ____  ____  ____(R)
                                                      /__    /   ____/   /   ____/   
                                                     ___/   /   /___/   /   /___/    
                                                       Statistics/Data Analysis      
      
      
     1 . do "/var/folders/sv/xlgkbm653t72t6m0s9k0wx5c0000gn/T//SD04597.000000"
      
     2 . cd"/Users/penny/Desktop/"
      /Users/penny/Desktop
      
     3 . import delimited "/Users/penny/Desktop/hatecrime_racial_reg.csv", encoding(ISO-8859-1)
      (41 vars, 3871 obs)
      
     4 . encode state_name, gen(nstate)
      
     5 . encode candidate, gen(ncandidate)
      
     6 . gen crime = n > 0
      
     7 . xtset nstate week
             panel variable:  nstate (strongly balanced)
              time variable:  week, 1 to 79
                      delta:  1 unit
      
     8 . 
     9 . //Poisson Model
    10 . poisson n mean_diff population i.ncandidate i.week i.nstate
      
      Iteration 0:   log likelihood =  -9237.403  
      Iteration 1:   log likelihood = -6531.3181  
      Iteration 2:   log likelihood = -4497.7572  
      Iteration 3:   log likelihood = -4455.6352  
      Iteration 4:   log likelihood = -4455.5605  
      Iteration 5:   log likelihood = -4455.5605  
      
      Poisson regression                              Number of obs     =      3,871
                                                      LR chi2(129)      =    6281.28
                                                      Prob > chi2       =     0.0000
      Log likelihood = -4455.5605                     Pseudo R2         =     0.4134
      
      ---------------------------------------------------------------------------------
                    n |      Coef.   Std. Err.      z    P>|z|     [95% Conf. Interval]
      ----------------+----------------------------------------------------------------
            mean_diff |   .5133839   .2706164     1.90   0.058    -.0170144    1.043782
           population |   1.94e-07   2.46e-07     0.79   0.431    -2.89e-07    6.76e-07
                      |
           ncandidate |
               Trump  |   -.050231   .1080374    -0.46   0.642    -.2619804    .1615185
                      |
                 week |
                   2  |   .0242856   .1601471     0.15   0.879     -.289597    .3381681
                   3  |  -.2210287   .1701631    -1.30   0.194    -.5545422    .1124847
                   4  |  -.1121303   .1653614    -0.68   0.498    -.4362327    .2119721
                   5  |  -.0809543   .1642278    -0.49   0.622    -.4028349    .2409262
                   6  |  -.1895897   .1690749    -1.12   0.262    -.5209704     .141791
                   7  |  -.1593853   .1683487    -0.95   0.344    -.4893428    .1705722
                   8  |  -.0207003   .1642184    -0.13   0.900    -.3425626    .3011619
                   9  |   .0289996   .1614756     0.18   0.857    -.2874868    .3454861
                  10  |  -.2681622   .1734685    -1.55   0.122    -.6081542    .0718297
                  11  |  -.1415008   .1684589    -0.84   0.401    -.4716741    .1886726
                  12  |  -.2040056   .1703859    -1.20   0.231    -.5379559    .1299447
                  13  |   .0469267    .162015     0.29   0.772    -.2706168    .3644702
                  14  |  -.1614339   .1707094    -0.95   0.344    -.4960182    .1731503
                  15  |  -.1043889   .1681287    -0.62   0.535    -.4339151    .2251373
                  16  |  -.3012984   .1773334    -1.70   0.089    -.6488655    .0462688
                  17  |  -.0652125   .1668736    -0.39   0.696    -.3922789    .2618538
                  18  |  -.3266082   .1777772    -1.84   0.066    -.6750451    .0218286
                  19  |  -.3710589   .1793695    -2.07   0.039    -.7226168   -.0195011
                  20  |  -.2392684   .1731126    -1.38   0.167    -.5785629    .1000261
                  21  |  -.0541343   .1662532    -0.33   0.745    -.3799846    .2717159
                  22  |  -.3550683   .1786757    -1.99   0.047    -.7052662   -.0048704
                  23  |  -.3940462   .1809278    -2.18   0.029    -.7486582   -.0394342
                  24  |  -.6495393   .1943221    -3.34   0.001    -1.030404   -.2686751
                  25  |  -.1654024   .1699036    -0.97   0.330    -.4984075    .1676026
                  26  |  -.3625169   .1786578    -2.03   0.042    -.7126798   -.0123539
                  27  |  -.4000161   .1806652    -2.21   0.027    -.7541134   -.0459188
                  28  |  -.3864203   .1803134    -2.14   0.032    -.7398281   -.0330125
                  29  |  -.1261879   .1702803    -0.74   0.459    -.4599312    .2075554
                  30  |  -.2924421   .1776607    -1.65   0.100    -.6406506    .0557664
                  31  |  -.4535645   .1847075    -2.46   0.014    -.8155846   -.0915445
                  32  |  -.4586851   .1850799    -2.48   0.013    -.8214351   -.0959351
                  33  |  -.7308656   .1998888    -3.66   0.000     -1.12264   -.3390908
                  34  |  -.7365011   .2006518    -3.67   0.000    -1.129771   -.3432309
                  35  |  -.7881794   .2039795    -3.86   0.000    -1.187972    -.388387
                  36  |  -.7218344   .1995197    -3.62   0.000    -1.112886    -.330783
                  37  |  -.6596604    .196404    -3.36   0.001    -1.044605   -.2747156
                  38  |  -.7761915   .2031963    -3.82   0.000    -1.174449   -.3779341
                  39  |  -.4310826   .1835364    -2.35   0.019    -.7908073   -.0713579
                  40  |  -.5176406   .1890275    -2.74   0.006    -.8881278   -.1471535
                  41  |  -.6216939   .1948226    -3.19   0.001    -1.003539   -.2398487
                  42  |   -.462174   .1885052    -2.45   0.014    -.8316375   -.0927105
                  43  |  -.6559943   .2008193    -3.27   0.001    -1.049593   -.2623958
                  44  |  -.4117262   .1889666    -2.18   0.029     -.782094   -.0413584
                  45  |  -.4124138   .1891034    -2.18   0.029    -.7830497   -.0417778
                  46  |  -.3567822   .1855891    -1.92   0.055    -.7205301    .0069657
                  47  |  -.4066879   .1879959    -2.16   0.031    -.7751532   -.0382227
                  48  |  -.5569154   .1959379    -2.84   0.004    -.9409466   -.1728842
                  49  |  -.5319658    .196828    -2.70   0.007    -.9177416     -.14619
                  50  |   -.380651   .1906867    -2.00   0.046    -.7543901   -.0069119
                  51  |   -.435666    .194124    -2.24   0.025    -.8161421     -.05519
                  52  |  -.4788993   .1947027    -2.46   0.014    -.8605095   -.0972891
                  53  |  -.2569023   .1824445    -1.41   0.159    -.6144869    .1006824
                  54  |  -.3862895   .1891277    -2.04   0.041     -.756973   -.0156059
                  55  |  -.5451263   .1966405    -2.77   0.006    -.9305346    -.159718
                  56  |  -.4848039   .1960403    -2.47   0.013    -.8690359    -.100572
                  57  |   -.630682   .2055686    -3.07   0.002    -1.033589   -.2277749
                  58  |   -.441996    .195826    -2.26   0.024    -.8258079    -.058184
                  59  |  -.4506775   .1946278    -2.32   0.021    -.8321408   -.0692141
                  60  |  -.3587337   .1887389    -1.90   0.057    -.7286552    .0111877
                  61  |  -.2787504   .1853748    -1.50   0.133    -.6420784    .0845775
                  62  |  -.1615911   .1848124    -0.87   0.382    -.5238167    .2006345
                  63  |   .0285317     .17996     0.16   0.874    -.3241834    .3812468
                  64  |  -.0781415   .1818132    -0.43   0.667    -.4344889    .2782059
                  65  |  -.3565487   .1976181    -1.80   0.071    -.7438731    .0307756
                  66  |  -.0898395   .1817669    -0.49   0.621    -.4460961    .2664172
                  67  |  -.4040003   .1931069    -2.09   0.036    -.7824829   -.0255178
                  68  |  -.2437227   .1874783    -1.30   0.194    -.6111733     .123728
                  69  |  -.4943268   .1949983    -2.54   0.011    -.8765165   -.1121371
                  70  |  -.3289977   .1906608    -1.73   0.084     -.702686    .0446906
                  71  |  -.2851242   .1919831    -1.49   0.138    -.6614041    .0911557
                  72  |  -.2700485   .1911562    -1.41   0.158    -.6447077    .1046107
                  73  |  -.1291194   .1895844    -0.68   0.496    -.5006979    .2424591
                  74  |  -.1460489   .1884354    -0.78   0.438    -.5153754    .2232777
                  75  |  -.3781826   .1966988    -1.92   0.055    -.7637052    .0073401
                  76  |  -.1888757   .1911203    -0.99   0.323    -.5634646    .1857131
                  77  |  -.3228294   .1992004    -1.62   0.105     -.713255    .0675963
                  78  |  -.2421703   .1978389    -1.22   0.221    -.6299274    .1455869
                  79  |  -.2447279   .1987003    -1.23   0.218    -.6341733    .1447176
                      |
               nstate |
              Alaska  |   .6756751   1.073743     0.63   0.529    -1.428822    2.780172
             Arizona  |   1.925881   .5617889     3.43   0.001     .8247946    3.026967
            Arkansas  |  -.5649629   .6437678    -0.88   0.380    -1.826725    .6967988
          California  |  -2.832593   8.431235    -0.34   0.737    -19.35751    13.69232
            Colorado  |   1.510288   .3294951     4.58   0.000     .8644898    2.156087
         Connecticut  |    2.19195   .4373595     5.01   0.000     1.334741    3.049159
            Delaware  |   .6002216   1.032284     0.58   0.561    -1.423019    2.623462
             Florida  |  -1.668083    3.84669    -0.43   0.665    -9.207458    5.871291
             Georgia  |  -.1145377    1.35714    -0.08   0.933    -2.774482    2.545407
               Idaho  |   .5692113   .8557991     0.67   0.506    -1.108124    2.246547
            Illinois  |   .2499083   1.989016     0.13   0.900    -3.648492    4.148309
             Indiana  |    1.08669   .5115602     2.12   0.034       .08405    2.089329
                Iowa  |  -.3615507   .5934083    -0.61   0.542     -1.52461    .8015081
              Kansas  |   1.744071   .5509883     3.17   0.002     .6641539    2.823988
            Kentucky  |   2.580046   .2739499     9.42   0.000     2.043114    3.116978
           Louisiana  |   .7967991   .2979221     2.67   0.007     .2128826    1.380716
               Maine  |   1.211269    .919755     1.32   0.188    -.5914173    3.013956
            Maryland  |   .3423773   .4300783     0.80   0.426    -.5005607    1.185315
       Massachusetts  |   2.438517   .5557897     4.39   0.000     1.349189    3.527844
            Michigan  |   2.073205   1.280744     1.62   0.106    -.4370077    4.583418
           Minnesota  |   1.683141   .3258054     5.17   0.000     1.044574    2.321708
         Mississippi  |  -1.316864    .778055    -1.69   0.091    -2.841824    .2080955
            Missouri  |   1.522081   .4026309     3.78   0.000     .7329386    2.311223
             Montana  |   1.248614    .990365     1.26   0.207    -.6924655    3.189694
            Nebraska  |   1.010709   .7923081     1.28   0.202     -.542186    2.563605
              Nevada  |   1.544669   .5607191     2.75   0.006       .44568    2.643658
       New Hampshire  |   .7957994   .9282381     0.86   0.391    -1.023514    2.615113
          New Jersey  |   1.790113   1.028811     1.74   0.082    -.2263189    3.806545
          New Mexico  |  -.1447645   .7984455    -0.18   0.856    -1.709689     1.42016
            New York  |  -.4185675   3.654122    -0.11   0.909    -7.580514    6.743379
      North Carolina  |   1.191323   1.315208     0.91   0.365    -1.386437    3.769084
        North Dakota  |   1.137372   1.061981     1.07   0.284     -.944073    3.218817
                Ohio  |   2.200398   1.683267     1.31   0.191    -1.098745    5.499541
            Oklahoma  |   .9579255   .3747752     2.56   0.011     .2233797    1.692471
              Oregon  |   1.564754    .347885     4.50   0.000      .882912    2.246596
        Pennsylvania  |  -.3838993   1.970516    -0.19   0.846     -4.24604    3.478242
        Rhode Island  |  -.3196974   1.051799    -0.30   0.761    -2.381185     1.74179
      South Carolina  |   .9736547   .2843817     3.42   0.001     .4162768    1.531033
        South Dakota  |   .3998641   1.058754     0.38   0.706    -1.675255    2.474984
           Tennessee  |   1.983691   .5023188     3.95   0.000     .9991641    2.968218
               Texas  |  -2.134975   5.635921    -0.38   0.705    -13.18118    8.911227
                Utah  |   1.636634   .5298554     3.09   0.002     .5981362    2.675131
             Vermont  |   .9627694   1.097457     0.88   0.380    -1.188207    3.113746
            Virginia  |    1.37731   .9167577     1.50   0.133     -.419502    3.174122
          Washington  |   2.311748   .6495624     3.56   0.000     1.038629    3.584867
       West Virginia  |   1.627346   .7963486     2.04   0.041     .0665317    3.188161
           Wisconsin  |    .372669   .3772616     0.99   0.323    -.3667502    1.112088
             Wyoming  |  -.3423607    1.16923    -0.29   0.770     -2.63401    1.949288
                      |
                _cons |   -2.67975   1.243461    -2.16   0.031    -5.116888   -.2426124
      ---------------------------------------------------------------------------------
      
    11 . xtpoisson n mean_diff population i.ncandidate i.week, fe vce(robust)
      
      Iteration 0:   log pseudolikelihood =   -4412.41  
      Iteration 1:   log pseudolikelihood = -4315.4795  
      Iteration 2:   log pseudolikelihood = -4314.0259  
      Iteration 3:   log pseudolikelihood = -4314.0249  
      Iteration 4:   log pseudolikelihood = -4314.0249  
      
      Conditional fixed-effects Poisson regression    Number of obs     =      3,871
      Group variable: nstate                          Number of groups  =         49
      
                                                      Obs per group:
                                                                    min =         79
                                                                    avg =       79.0
                                                                    max =         79
      
                                                      Wald chi2(81)     =    2603.81
      Log pseudolikelihood  = -4314.0249              Prob > chi2       =     0.0000
      
                                       (Std. Err. adjusted for clustering on nstate)
      ------------------------------------------------------------------------------
                   |               Robust
                 n |      Coef.   Std. Err.      z    P>|z|     [95% Conf. Interval]
      -------------+----------------------------------------------------------------
         mean_diff |   .5133839   .2743659     1.87   0.061    -.0243634    1.051131
        population |   1.94e-07   3.38e-07     0.57   0.566    -4.68e-07    8.56e-07
                   |
        ncandidate |
            Trump  |   -.050231   .0705106    -0.71   0.476    -.1884291    .0879672
                   |
              week |
                2  |   .0242856   .1757479     0.14   0.890    -.3201739    .3687451
                3  |  -.2210287   .2040848    -1.08   0.279    -.6210276    .1789702
                4  |  -.1121303   .1610362    -0.70   0.486    -.4277553    .2034948
                5  |  -.0809543   .1835661    -0.44   0.659    -.4407373    .2788287
                6  |  -.1895897   .1579339    -1.20   0.230    -.4991346    .1199551
                7  |  -.1593853    .135582    -1.18   0.240    -.4251211    .1063504
                8  |  -.0207003   .1675208    -0.12   0.902    -.3490351    .3076344
                9  |   .0289996   .1486914     0.20   0.845    -.2624303    .3204295
               10  |  -.2681622    .163288    -1.64   0.101    -.5882007    .0518763
               11  |  -.1415008   .2022197    -0.70   0.484    -.5378441    .2548425
               12  |  -.2040056   .1560823    -1.31   0.191    -.5099212      .10191
               13  |   .0469267   .1145708     0.41   0.682    -.1776278    .2714813
               14  |  -.1614339   .1445478    -1.12   0.264    -.4447424    .1218745
               15  |  -.1043889   .1416019    -0.74   0.461    -.3819236    .1731457
               16  |  -.3012984   .1575454    -1.91   0.056    -.6100816    .0074849
               17  |  -.0652125   .1707388    -0.38   0.703    -.3998544    .2694293
               18  |  -.3266082   .1805682    -1.81   0.070    -.6805155     .027299
               19  |  -.3710589   .2255941    -1.64   0.100    -.8132153    .0710974
               20  |  -.2392684   .1914902    -1.25   0.211    -.6145823    .1360456
               21  |  -.0541343   .1356427    -0.40   0.690    -.3199892    .2117205
               22  |  -.3550683   .1613568    -2.20   0.028    -.6713217   -.0388149
               23  |  -.3940462   .1705852    -2.31   0.021    -.7283871   -.0597053
               24  |  -.6495393   .1752539    -3.71   0.000    -.9930307   -.3060479
               25  |  -.1654024    .184091    -0.90   0.369    -.5262141    .1954092
               26  |  -.3625169   .1724443    -2.10   0.036    -.7005014   -.0245323
               27  |  -.4000161   .1451637    -2.76   0.006    -.6845318   -.1155004
               28  |  -.3864203   .2111117    -1.83   0.067    -.8001915    .0273509
               29  |  -.1261879   .1517495    -0.83   0.406    -.4236114    .1712356
               30  |  -.2924421   .1683045    -1.74   0.082    -.6223128    .0374286
               31  |  -.4535645   .1611911    -2.81   0.005    -.7694932   -.1376358
               32  |  -.4586851   .1721894    -2.66   0.008    -.7961701      -.1212
               33  |  -.7308656   .1454465    -5.02   0.000    -1.015936   -.4457956
               34  |  -.7365011   .1864825    -3.95   0.000       -1.102   -.3710021
               35  |  -.7881794   .2190827    -3.60   0.000    -1.217574   -.3587852
               36  |  -.7218344   .1848854    -3.90   0.000    -1.084203   -.3594657
               37  |  -.6596604   .2051131    -3.22   0.001    -1.061675   -.2576461
               38  |  -.7761915   .1727084    -4.49   0.000    -1.114694   -.4376892
               39  |  -.4310826   .1722114    -2.50   0.012    -.7686108   -.0935545
               40  |  -.5176406   .1629792    -3.18   0.001    -.8370739   -.1982074
               41  |  -.6216939   .1565693    -3.97   0.000     -.928564   -.3148238
               42  |   -.462174   .1980281    -2.33   0.020    -.8503019   -.0740461
               43  |  -.6559943   .1925825    -3.41   0.001    -1.033449   -.2785397
               44  |  -.4117262   .1830252    -2.25   0.024    -.7704491   -.0530033
               45  |  -.4124138   .1802107    -2.29   0.022    -.7656202   -.0592074
               46  |  -.3567822   .1818997    -1.96   0.050     -.713299   -.0002654
               47  |  -.4066879    .176348    -2.31   0.021    -.7523238   -.0610521
               48  |  -.5569154   .1716918    -3.24   0.001     -.893425   -.2204057
               49  |  -.5319658   .2307722    -2.31   0.021     -.984271   -.0796606
               50  |   -.380651     .14688    -2.59   0.010    -.6685304   -.0927715
               51  |   -.435666   .2357894    -1.85   0.065    -.8978048    .0264727
               52  |  -.4788993   .1653319    -2.90   0.004     -.802944   -.1548547
               53  |  -.2569023   .1768041    -1.45   0.146    -.6034318    .0896273
               54  |  -.3862895   .2054265    -1.88   0.060    -.7889179     .016339
               55  |  -.5451263   .1855375    -2.94   0.003    -.9087731   -.1814795
               56  |  -.4848039   .1834189    -2.64   0.008    -.8442985   -.1253094
               57  |   -.630682   .1645025    -3.83   0.000    -.9531009   -.3082631
               58  |   -.441996   .1499164    -2.95   0.003    -.7358266   -.1481653
               59  |  -.4506775   .1489272    -3.03   0.002    -.7425695   -.1587854
               60  |  -.3587337   .1727058    -2.08   0.038    -.6972308   -.0202366
               61  |  -.2787504   .1956516    -1.42   0.154    -.6622206    .1047197
               62  |  -.1615911   .1797451    -0.90   0.369     -.513885    .1907028
               63  |   .0285317   .1668898     0.17   0.864    -.2985662    .3556297
               64  |  -.0781415   .1319532    -0.59   0.554     -.336765    .1804819
               65  |  -.3565487   .1933395    -1.84   0.065    -.7354872    .0223898
               66  |  -.0898395   .1909953    -0.47   0.638    -.4641834    .2845045
               67  |  -.4040003   .1826151    -2.21   0.027    -.7619193   -.0460814
               68  |  -.2437227   .1907988    -1.28   0.201    -.6176814    .1302361
               69  |  -.4943268   .2420294    -2.04   0.041    -.9686957   -.0199579
               70  |  -.3289977     .13889    -2.37   0.018     -.601217   -.0567783
               71  |  -.2851242    .167366    -1.70   0.088    -.6131556    .0429071
               72  |  -.2700485   .1385801    -1.95   0.051    -.5416606    .0015636
               73  |  -.1291194   .1527695    -0.85   0.398    -.4285421    .1703033
               74  |  -.1460489   .1903934    -0.77   0.443     -.519213    .2271153
               75  |  -.3781826   .2107675    -1.79   0.073    -.7912793    .0349141
               76  |  -.1888757   .1389781    -1.36   0.174    -.4612679    .0835164
               77  |  -.3228294   .1698637    -1.90   0.057     -.655756    .0100973
               78  |  -.2421703   .1678628    -1.44   0.149    -.5711754    .0868349
               79  |  -.2447279    .202581    -1.21   0.227    -.6417794    .1523237
      ------------------------------------------------------------------------------
      
    12 . 
    13 . //OLS
    14 . reg n mean_diff population i.ncandidate i.week i.nstate
      
            Source |       SS           df       MS      Number of obs   =     3,871
      -------------+----------------------------------   F(129, 3741)    =     55.01
             Model |  11206.5347       129  86.8723623   Prob > F        =    0.0000
          Residual |  5907.48232     3,741   1.5791185   R-squared       =    0.6548
      -------------+----------------------------------   Adj R-squared   =    0.6429
             Total |   17114.017     3,870  4.42222663   Root MSE        =    1.2566
      
      ---------------------------------------------------------------------------------
                    n |      Coef.   Std. Err.      t    P>|t|     [95% Conf. Interval]
      ----------------+----------------------------------------------------------------
            mean_diff |    .683109   .4886687     1.40   0.162     -.274974    1.641192
           population |   2.21e-07   4.38e-07     0.51   0.613    -6.37e-07    1.08e-06
                      |
           ncandidate |
               Trump  |  -.0277386    .147217    -0.19   0.851    -.3163719    .2608948
                      |
                 week |
                   2  |   .0369352   .2539526     0.15   0.884    -.4609638    .5348342
                   3  |  -.2928411   .2547361    -1.15   0.250    -.7922763     .206594
                   4  |  -.1698253    .254629    -0.67   0.505    -.6690504    .3293998
                   5  |   -.117222   .2570734    -0.46   0.648    -.6212397    .3867958
                   6  |   -.272256   .2583656    -1.05   0.292    -.7788072    .2342952
                   7  |  -.2272446   .2606476    -0.87   0.383    -.7382699    .2837807
                   8  |   .0137035   .2612887     0.05   0.958    -.4985786    .5259856
                   9  |    .089256   .2592258     0.34   0.731    -.4189817    .5974936
                  10  |  -.3563197   .2587455    -1.38   0.169    -.8636157    .1509763
                  11  |  -.1836067   .2604965    -0.70   0.481    -.6943357    .3271222
                  12  |  -.2730786   .2585262    -1.06   0.291    -.7799447    .2337874
                  13  |   .1324747   .2619115     0.51   0.613    -.3810285     .645978
                  14  |  -.2014861   .2632456    -0.77   0.444     -.717605    .3146328
                  15  |  -.1182798   .2629438    -0.45   0.653     -.633807    .3972473
                  16  |  -.3979031   .2657302    -1.50   0.134    -.9188931     .123087
                  17  |   -.067782   .2650264    -0.26   0.798    -.5873923    .4518283
                  18  |  -.4345653   .2648839    -1.64   0.101    -.9538963    .0847657
                  19  |  -.4837224    .262601    -1.84   0.066    -.9985775    .0311328
                  20  |  -.3168621   .2619721    -1.21   0.227    -.8304841      .19676
                  21  |  -.0451929   .2645726    -0.17   0.864    -.5639135    .4735276
                  22  |  -.4692218   .2637035    -1.78   0.075    -.9862385    .0477949
                  23  |  -.5170046   .2650459    -1.95   0.051    -1.036653    .0026439
                  24  |  -.7767569   .2639545    -2.94   0.003    -1.294266   -.2592481
                  25  |  -.2141593   .2618589    -0.82   0.413    -.7275595    .2992409
                  26  |  -.4758416   .2613422    -1.82   0.069    -.9882287    .0365455
                  27  |  -.5195804   .2618438    -1.98   0.047    -1.032951   -.0062098
                  28  |  -.5088786   .2636221    -1.93   0.054    -1.025736    .0079785
                  29  |  -.1592944   .2671968    -0.60   0.551      -.68316    .3645711
                  30  |  -.3914583    .268796    -1.46   0.145    -.9184593    .1355427
                  31  |  -.5913707   .2679845    -2.21   0.027    -1.116781   -.0659607
                  32  |  -.5917013   .2679196    -2.21   0.027    -1.116984   -.0664187
                  33  |  -.8542992   .2673646    -3.20   0.001    -1.378494   -.3301046
                  34  |    -.86136   .2689152    -3.20   0.001    -1.388595   -.3341252
                  35  |  -.9020392   .2688834    -3.35   0.001    -1.429211   -.3748669
                  36  |  -.8375023   .2665921    -3.14   0.002    -1.360182   -.3148224
                  37  |  -.7860947   .2687089    -2.93   0.003    -1.312925   -.2592645
                  38  |   -.887804   .2686347    -3.30   0.001    -1.414489   -.3611193
                  39  |  -.5464004   .2655242    -2.06   0.040    -1.066987   -.0258142
                  40  |   -.646055   .2693998    -2.40   0.017     -1.17424   -.1178703
                  41  |   -.750189   .2698862    -2.78   0.005    -1.279327   -.2210506
                  42  |  -.5862102   .2748207    -2.13   0.033    -1.125023   -.0473972
                  43  |  -.7991225   .2831496    -2.82   0.005    -1.354265   -.2439798
                  44  |  -.5315518   .2824513    -1.88   0.060    -1.085325    .0222219
                  45  |  -.5341062   .2832396    -1.89   0.059    -1.089425    .0212128
                  46  |  -.4616801   .2798553    -1.65   0.099    -1.010364    .0870037
                  47  |  -.5228526   .2799565    -1.87   0.062    -1.071735    .0260297
                  48  |  -.7011552   .2842454    -2.47   0.014    -1.258446    -.143864
                  49  |  -.6812622   .2911039    -2.34   0.019       -1.252   -.1105244
                  50  |  -.5007121   .2922887    -1.71   0.087    -1.073773    .0723486
                  51  |  -.5670058   .2940697    -1.93   0.054    -1.143558    .0095468
                  52  |  -.6172487   .2905524    -2.12   0.034    -1.186905   -.0475921
                  53  |  -.3245773   .2818543    -1.15   0.250    -.8771804    .2280257
                  54  |  -.4970715   .2847348    -1.75   0.081    -1.055322    .0611792
                  55  |  -.6847536   .2858469    -2.40   0.017    -1.245185   -.1243227
                  56  |  -.6186409     .29123    -2.12   0.034    -1.189626   -.0476559
                  57  |  -.7819196    .298345    -2.62   0.009    -1.366854   -.1969849
                  58  |  -.5688714    .295281    -1.93   0.054    -1.147799     .010056
                  59  |  -.5793159   .2917475    -1.99   0.047    -1.151316   -.0073162
                  60  |  -.4645234   .2872363    -1.62   0.106    -1.027678    .0986316
                  61  |  -.3613783   .2875173    -1.26   0.209    -.9250842    .2023275
                  62  |  -.1866198   .2978245    -0.63   0.531    -.7705339    .3972944
                  63  |    .151105    .301292     0.50   0.616    -.4396076    .7418177
                  64  |  -.0577308   .3025522    -0.19   0.849    -.6509141    .5354525
                  65  |  -.4656424   .3098612    -1.50   0.133    -1.073156     .141871
                  66  |  -.0589561    .294988    -0.20   0.842    -.6373092    .5193969
                  67  |  -.5244233    .293591    -1.79   0.074    -1.100037    .0511907
                  68  |  -.3050865   .2956158    -1.03   0.302    -.8846703    .2744973
                  69  |  -.6346502   .2897209    -2.19   0.029    -1.202676    -.066624
                  70  |  -.4258706   .2952291    -1.44   0.149    -1.004696    .1529551
                  71  |  -.3614799   .3014052    -1.20   0.230    -.9524144    .2294545
                  72  |  -.3428132    .301864    -1.14   0.256    -.9346473     .249021
                  73  |  -.1151871   .3086414    -0.37   0.709    -.7203089    .4899348
                  74  |   -.146063   .3046981    -0.48   0.632    -.7434535    .4513276
                  75  |  -.4955702   .3059253    -1.62   0.105    -1.095367    .1042264
                  76  |  -.2153101   .3078718    -0.70   0.484     -.818923    .3883028
                  77  |  -.4322202   .3220415    -1.34   0.180    -1.063614    .1991739
                  78  |  -.3188895   .3263677    -0.98   0.329    -.9587655    .3209865
                  79  |  -.3203439   .3270185    -0.98   0.327    -.9614958     .320808
                      |
               nstate |
              Alaska  |   .9091914   1.814982     0.50   0.616     -2.64926    4.467643
             Arizona  |   1.535731   .9135955     1.68   0.093    -.2554625    3.326925
            Arkansas  |   .2344356   .8461105     0.28   0.782    -1.424447    1.893318
          California  |   .9094944   14.99759     0.06   0.952    -28.49475    30.31374
            Colorado  |   .7830783   .3808507     2.06   0.040     .0363831    1.529774
         Connecticut  |   1.597484   .6421712     2.49   0.013     .3384444    2.856524
            Delaware  |   .9149382   1.729857     0.53   0.597    -2.476616    4.306492
             Florida  |  -2.850294   6.828473    -0.42   0.676    -16.23819     10.5376
             Georgia  |   -.897193   2.368267    -0.38   0.705    -5.540414    3.746027
               Idaho  |   .5173776   1.421537     0.36   0.716    -2.269685     3.30444
            Illinois  |   -.643888   3.510836    -0.18   0.854    -7.527227    6.239451
             Indiana  |   .3115342   .7987506     0.39   0.697    -1.254495    1.877563
                Iowa  |   .1989348   .7874507     0.25   0.801     -1.34494    1.742809
              Kansas  |   1.055871   .8765854     1.20   0.228    -.6627605    2.774503
            Kentucky  |    2.45816    .274552     8.95   0.000     1.919873    2.996446
           Louisiana  |   .2951716   .2162668     1.36   0.172    -.1288408    .7191839
               Maine  |   .8902894   1.559237     0.57   0.568    -2.166748    3.947327
            Maryland  |  -.0556503   .5620243    -0.10   0.921    -1.157554    1.046254
       Massachusetts  |    3.04344   .8943062     3.40   0.001     1.290065    4.796816
            Michigan  |   3.313825   2.240408     1.48   0.139    -1.078716    7.706365
           Minnesota  |   .9941871   .3782357     2.63   0.009     .2526188    1.735755
         Mississippi  |   .3107489    .844212     0.37   0.713    -1.344412     1.96591
            Missouri  |   .7609452    .578791     1.31   0.189    -.3738315    1.895722
             Montana  |   .9682395   1.689392     0.57   0.567    -2.343981     4.28046
            Nebraska  |   .7873839   1.311205     0.60   0.548    -1.783363    3.358131
              Nevada  |   .9402369     .88665     1.06   0.289    -.7981276    2.678601
       New Hampshire  |   .7855094   1.557135     0.50   0.614    -2.267408    3.838427
          New Jersey  |   1.723123   1.779699     0.97   0.333    -1.766151    5.212398
          New Mexico  |   .4841366   1.232258     0.39   0.694    -1.931825    2.900099
            New York  |  -.9113585     6.4836    -0.14   0.888    -13.62309    11.80038
      North Carolina  |   .5994272   2.303675     0.26   0.795    -3.917154    5.116008
        North Dakota  |   1.088434   1.809232     0.60   0.547    -2.458743    4.635611
                Ohio  |   4.971351   2.972494     1.67   0.095    -.8565165    10.79922
            Oklahoma  |   .4818536   .4580077     1.05   0.293    -.4161155    1.379823
              Oregon  |    .840548    .429338     1.96   0.050    -.0012112    1.682307
        Pennsylvania  |  -1.310773   3.475521    -0.38   0.706    -8.124874    5.503329
        Rhode Island  |   .7210711   1.680555     0.43   0.668    -2.573823    4.015965
      South Carolina  |   .3394733   .2024108     1.68   0.094    -.0573729    .7363195
        South Dakota  |   .8884594   1.763089     0.50   0.614    -2.568251     4.34517
           Tennessee  |   1.595845   .7966569     2.00   0.045     .0339209    3.157769
               Texas  |  -3.145965   10.01865    -0.31   0.754    -22.78851    16.49658
                Utah  |   .9578062   .8318921     1.15   0.250    -.6732001    2.588812
             Vermont  |   1.040077   1.868818     0.56   0.578    -2.623925    4.704079
            Virginia  |   .7807221   1.568039     0.50   0.619    -2.293573    3.855018
          Washington  |   2.972516   1.072739     2.77   0.006     .8693065    5.075726
       West Virginia  |   1.082329   1.338776     0.81   0.419    -1.542473    3.707131
           Wisconsin  |  -.0617895   .4452243    -0.14   0.890    -.9346956    .8111166
             Wyoming  |   .8638872   1.882184     0.46   0.646    -2.826319    4.554094
                      |
                _cons |  -1.169677   2.170864    -0.54   0.590    -5.425869    3.086514
      ---------------------------------------------------------------------------------
      
    15 . xtreg n mean_diff population i.ncandidate i.week, fe robust
      
      Fixed-effects (within) regression               Number of obs     =      3,871
      Group variable: nstate                          Number of groups  =         49
      
      R-sq:                                           Obs per group:
           within  = 0.0411                                         min =         79
           between = 0.4600                                         avg =       79.0
           overall = 0.3081                                         max =         79
      
                                                      F(48,48)          =          .
      corr(u_i, Xb)  = -0.3325                        Prob > F          =          .
      
                                      (Std. Err. adjusted for 49 clusters in nstate)
      ------------------------------------------------------------------------------
                   |               Robust
                 n |      Coef.   Std. Err.      t    P>|t|     [95% Conf. Interval]
      -------------+----------------------------------------------------------------
         mean_diff |    .683109   .6474606     1.06   0.297    -.6186978    1.984916
        population |   2.21e-07   7.50e-07     0.30   0.769    -1.29e-06    1.73e-06
                   |
        ncandidate |
            Trump  |  -.0277386   .0848369    -0.33   0.745    -.1983145    .1428374
                   |
              week |
                2  |   .0369352   .2836781     0.13   0.897    -.5334378    .6073082
                3  |  -.2928411    .289559    -1.01   0.317    -.8750385    .2893563
                4  |  -.1698253   .2446519    -0.69   0.491     -.661731    .3220804
                5  |   -.117222   .2889888    -0.41   0.687    -.6982728    .4638289
                6  |   -.272256   .2475627    -1.10   0.277    -.7700141    .2255022
                7  |  -.2272446   .2138958    -1.06   0.293     -.657311    .2028217
                8  |   .0137035   .2688898     0.05   0.960    -.5269356    .5543426
                9  |    .089256   .2374154     0.38   0.709    -.3880997    .5666116
               10  |  -.3563197   .2435593    -1.46   0.150    -.8460285    .1333891
               11  |  -.1836067   .2949599    -0.62   0.537    -.7766633    .4094499
               12  |  -.2730786   .2368817    -1.15   0.255    -.7493612     .203204
               13  |   .1324747   .2244594     0.59   0.558    -.3188311    .5837806
               14  |  -.2014861   .2224834    -0.91   0.370    -.6488189    .2458467
               15  |  -.1182798   .2157646    -0.55   0.586    -.5521036    .3155439
               16  |  -.3979031   .2355864    -1.69   0.098    -.8715812    .0757751
               17  |   -.067782   .2644565    -0.26   0.799    -.5995074    .4639434
               18  |  -.4345653   .2458086    -1.77   0.083    -.9287965     .059666
               19  |  -.4837224   .3187129    -1.52   0.136    -1.124538    .1570929
               20  |  -.3168621   .2730186    -1.16   0.252    -.8658027    .2320786
               21  |  -.0451929   .2510852    -0.18   0.858    -.5500336    .4596477
               22  |  -.4692218    .240874    -1.95   0.057    -.9535315    .0150879
               23  |  -.5170046   .2734156    -1.89   0.065    -1.066743    .0327342
               24  |  -.7767569   .2444386    -3.18   0.003    -1.268234   -.2852801
               25  |  -.2141593   .2886251    -0.74   0.462    -.7944789    .3661603
               26  |  -.4758416   .2585944    -1.84   0.072    -.9957805    .0440973
               27  |  -.5195804   .2478088    -2.10   0.041    -1.017833   -.0213275
               28  |  -.5088786   .3136484    -1.62   0.111    -1.139511    .1217539
               29  |  -.1592944   .2565312    -0.62   0.538    -.6750849    .3564961
               30  |  -.3914583   .2966853    -1.32   0.193     -.987984    .2050674
               31  |  -.5913707   .2838055    -2.08   0.043       -1.162   -.0207416
               32  |  -.5917013   .2769601    -2.14   0.038    -1.148567   -.0348356
               33  |  -.8542992   .2478767    -3.45   0.001    -1.352689   -.3559098
               34  |    -.86136   .2974738    -2.90   0.006    -1.459471   -.2632487
               35  |  -.9020392   .2672673    -3.38   0.001    -1.439416   -.3646622
               36  |  -.8375023   .2771459    -3.02   0.004    -1.394742   -.2802631
               37  |  -.7860947   .2978471    -2.64   0.011    -1.384956   -.1872329
               38  |   -.887804   .2660505    -3.34   0.002    -1.422734   -.3528736
               39  |  -.5464004   .2492768    -2.19   0.033    -1.047605   -.0451957
               40  |   -.646055   .2427227    -2.66   0.011    -1.134082   -.1580283
               41  |   -.750189    .230432    -3.26   0.002    -1.213504   -.2868744
               42  |  -.5862102   .2873881    -2.04   0.047    -1.164043   -.0083778
               43  |  -.7991225   .3086708    -2.59   0.013    -1.419747   -.1784983
               44  |  -.5315518   .3221196    -1.65   0.105    -1.179217    .1161131
               45  |  -.5341062   .2908935    -1.84   0.073    -1.118987    .0507744
               46  |  -.4616801   .3048611    -1.51   0.136    -1.074644    .1512843
               47  |  -.5228526   .3110827    -1.68   0.099    -1.148326     .102621
               48  |  -.7011552   .3032366    -2.31   0.025    -1.310853   -.0914571
               49  |  -.6812622   .3155699    -2.16   0.036    -1.315758   -.0467663
               50  |  -.5007121   .2640328    -1.90   0.064    -1.031586    .0301614
               51  |  -.5670058   .3910175    -1.45   0.154    -1.353199    .2191876
               52  |  -.6172487   .2882819    -2.14   0.037    -1.196878   -.0376191
               53  |  -.3245773   .2498603    -1.30   0.200    -.8269551    .1778004
               54  |  -.4970715   .2818879    -1.76   0.084    -1.063845    .0697022
               55  |  -.6847536   .2740386    -2.50   0.016    -1.235745   -.1337622
               56  |  -.6186409    .274501    -2.25   0.029    -1.170562   -.0667196
               57  |  -.7819196   .2901261    -2.70   0.010    -1.365257    -.198582
               58  |  -.5688714   .2428236    -2.34   0.023    -1.057101   -.0806417
               59  |  -.5793159   .2633339    -2.20   0.033    -1.108784   -.0498477
               60  |  -.4645234   .2683546    -1.73   0.090    -1.004086    .0750396
               61  |  -.3613783   .2712573    -1.33   0.189    -.9067777     .184021
               62  |  -.1866198   .2785232    -0.67   0.506    -.7466282    .3733887
               63  |    .151105   .3332718     0.45   0.652    -.5189827    .8211928
               64  |  -.0577308   .2764374    -0.21   0.835    -.6135456    .4980839
               65  |  -.4656424   .3336393    -1.40   0.169    -1.136469    .2051843
               66  |  -.0589561   .2943017    -0.20   0.842    -.6506894    .5327771
               67  |  -.5244233    .265563    -1.97   0.054    -1.058374    .0095269
               68  |  -.3050865   .2861332    -1.07   0.292    -.8803958    .2702229
               69  |  -.6346502   .3248766    -1.95   0.057    -1.287858    .0185579
               70  |  -.4258706   .3003317    -1.42   0.163    -1.029728    .1779868
               71  |  -.3614799   .2599325    -1.39   0.171    -.8841092    .1611493
               72  |  -.3428132     .27893    -1.23   0.225    -.9036395    .2180131
               73  |  -.1151871   .2367367    -0.49   0.629    -.5911782     .360804
               74  |   -.146063   .2932828    -0.50   0.621    -.7357475    .4436215
               75  |  -.4955702   .2936331    -1.69   0.098    -1.085959    .0948188
               76  |  -.2153101   .2710805    -0.79   0.431    -.7603541    .3297338
               77  |  -.4322202   .3114345    -1.39   0.172    -1.058401    .1939609
               78  |  -.3188895   .2927119    -1.09   0.281    -.9074261    .2696471
               79  |  -.3203439   .3384967    -0.95   0.349    -1.000937    .3602494
                   |
             _cons |  -.4335475   4.957838    -0.09   0.931    -10.40195    9.534854
      -------------+----------------------------------------------------------------
           sigma_u |  1.3264581
           sigma_e |  1.2566298
               rho |  .52701312   (fraction of variance due to u_i)
      ------------------------------------------------------------------------------
      
    16 . 
    17 . //Weighted OLS
    18 . reg n mean_diff population i.ncandidate i.week i.nstate [aweight = population]
      (sum of wgt is   2.5275e+10)
      
            Source |       SS           df       MS      Number of obs   =     3,871
      -------------+----------------------------------   F(129, 3741)    =     71.89
             Model |  27742.3449       129  215.056937   Prob > F        =    0.0000
          Residual |  11191.4857     3,741  2.99157597   R-squared       =    0.7126
      -------------+----------------------------------   Adj R-squared   =    0.7026
             Total |  38933.8306     3,870  10.0604213   Root MSE        =    1.7296
      
      ---------------------------------------------------------------------------------
                    n |      Coef.   Std. Err.      t    P>|t|     [95% Conf. Interval]
      ----------------+----------------------------------------------------------------
            mean_diff |   1.355906   .5833705     2.32   0.020      .212151    2.499661
           population |   5.24e-07   3.61e-07     1.45   0.146    -1.83e-07    1.23e-06
                      |
           ncandidate |
               Trump  |   .1560657   .2470567     0.63   0.528    -.3283131    .6404446
                      |
                 week |
                   2  |  -.4125353   .3501641    -1.18   0.239    -1.099066    .2739959
                   3  |  -1.481673   .3519622    -4.21   0.000     -2.17173   -.7916168
                   4  |  -.3834894   .3506342    -1.09   0.274    -1.070942    .3039634
                   5  |  -.3694331   .3529046    -1.05   0.295    -1.061337    .3224711
                   6  |  -.7934593   .3535691    -2.24   0.025    -1.486666   -.1002522
                   7  |  -.2538919   .3564271    -0.71   0.476    -.9527021    .4449184
                   8  |   .0819931     .36033     0.23   0.820    -.6244692    .7884554
                   9  |  -.0760075   .3586462    -0.21   0.832    -.7791686    .6271535
                  10  |  -.4187217   .3580302    -1.17   0.242    -1.120675    .2832317
                  11  |  -.7810631    .359961    -2.17   0.030    -1.486802   -.0753242
                  12  |  -1.071725    .357422    -3.00   0.003    -1.772486   -.3709637
                  13  |     .56709    .362086     1.57   0.117    -.1428153    1.276995
                  14  |  -.8450381   .3645939    -2.32   0.021     -1.55986   -.1302159
                  15  |  -.4702001   .3639078    -1.29   0.196    -1.183677    .2432769
                  16  |  -.7272268   .3672098    -1.98   0.048    -1.447178   -.0072759
                  17  |   .0309754   .3653115     0.08   0.932    -.6852537    .7472044
                  18  |  -.9887777   .3648584    -2.71   0.007    -1.704118    -.273437
                  19  |  -1.496123    .362897    -4.12   0.000    -2.207618   -.7846276
                  20  |  -1.015875    .362257    -2.80   0.005    -1.726115   -.3056343
                  21  |   .0892618   .3648768     0.24   0.807     -.626115    .8046386
                  22  |  -1.282821       .364    -3.52   0.000    -1.996479   -.5691638
                  23  |   -1.08558   .3647862    -2.98   0.003    -1.800779   -.3703803
                  24  |  -1.408574    .363777    -3.87   0.000    -2.121794   -.6953529
                  25  |  -1.029783   .3620197    -2.84   0.004    -1.739558   -.3200077
                  26  |  -1.569217   .3616334    -4.34   0.000    -2.278235   -.8601992
                  27  |  -1.125198   .3626005    -3.10   0.002    -1.836111   -.4142835
                  28  |  -1.650069   .3640197    -4.53   0.000    -2.363766   -.9363731
                  29  |  -.5702029    .368205    -1.55   0.122    -1.292105    .1516991
                  30  |   -.603142    .369487    -1.63   0.103    -1.327558    .1212735
                  31  |  -.9858666   .3677685    -2.68   0.007    -1.706913   -.2648202
                  32  |  -1.208079   .3677333    -3.29   0.001    -1.929056   -.4871014
                  33  |  -2.008692   .3671735    -5.47   0.000    -2.728572   -1.288812
                  34  |  -1.740439   .3693415    -4.71   0.000     -2.46457   -1.016309
                  35  |  -1.840021   .3695573    -4.98   0.000    -2.564574   -1.115467
                  36  |  -1.918352   .3697238    -5.19   0.000    -2.643232   -1.193473
                  37  |  -1.788437   .3712413    -4.82   0.000    -2.516292   -1.060582
                  38  |   -1.76065   .3704702    -4.75   0.000    -2.486993   -1.034306
                  39  |  -1.109696   .3672281    -3.02   0.003    -1.829683    -.389709
                  40  |  -1.177046   .3717047    -3.17   0.002    -1.905809   -.4482823
                  41  |  -1.424683   .3731305    -3.82   0.000    -2.156242   -.6931245
                  42  |  -.8927976   .3794093    -2.35   0.019    -1.636667   -.1489283
                  43  |  -1.421375   .3884866    -3.66   0.000    -2.183041   -.6597089
                  44  |  -.4034011   .3879091    -1.04   0.298    -1.163935    .3571327
                  45  |  -1.033497   .3889464    -2.66   0.008    -1.796065   -.2709296
                  46  |  -1.016415   .3861645    -2.63   0.009    -1.773528   -.2593012
                  47  |  -.6365857   .3866858    -1.65   0.100    -1.394721    .1215497
                  48  |  -.8530274   .3910055    -2.18   0.029    -1.619632   -.0864226
                  49  |  -1.916206   .3979547    -4.82   0.000    -2.696435   -1.135976
                  50  |  -.6708522   .3993642    -1.68   0.093    -1.453845    .1121407
                  51  |  -1.674973   .4018113    -4.17   0.000    -2.462764   -.8871828
                  52  |  -.9805611   .3983563    -2.46   0.014    -1.761578   -.1995445
                  53  |  -.7935538   .3892523    -2.04   0.042    -1.556721   -.0303864
                  54  |   -1.56656   .3922536    -3.99   0.000    -2.335612   -.7975085
                  55  |  -1.103643   .3933036    -2.81   0.005    -1.874754   -.3325331
                  56  |   -1.68267   .3984825    -4.22   0.000    -2.463934   -.9014062
                  57  |  -1.172907   .4064094    -2.89   0.004    -1.969712   -.3761011
                  58  |  -1.151501   .4032962    -2.86   0.004    -1.942203   -.3607994
                  59  |  -.9811113   .3999072    -2.45   0.014    -1.765169   -.1970539
                  60  |  -.9465391   .3960264    -2.39   0.017    -1.722988   -.1700904
                  61  |  -1.354903   .3959335    -3.42   0.001     -2.13117   -.5786368
                  62  |  -.6409719   .4054869    -1.58   0.114    -1.435969    .1540251
                  63  |   .1992897   .4088486     0.49   0.626    -.6022982    1.000878
                  64  |   -.087742   .4031955    -0.22   0.828    -.8782464    .7027624
                  65  |  -.9773203   .4189949    -2.33   0.020    -1.798801   -.1558396
                  66  |  -.9851192    .403631    -2.44   0.015    -1.776477   -.1937609
                  67  |  -1.373815   .4030972    -3.41   0.001    -2.164126   -.5835029
                  68  |   -1.36968   .4054113    -3.38   0.001    -2.164529   -.5748315
                  69  |   -1.91383   .3974561    -4.82   0.000    -2.693082   -1.134579
                  70  |  -.7897446   .4039384    -1.96   0.051    -1.581706    .0022164
                  71  |  -.9081718   .4103051    -2.21   0.027    -1.712615   -.1037283
                  72  |   -.332288   .4096068    -0.81   0.417    -1.135362    .4707864
                  73  |  -.2349317   .4172484    -0.56   0.573    -1.052988    .5831248
                  74  |  -.5597309   .4129123    -1.36   0.175    -1.369286    .2498241
                  75  |  -1.318831   .4139537    -3.19   0.001    -2.130428   -.5072345
                  76  |  -.1279142   .4180736    -0.31   0.760    -.9475886    .6917601
                  77  |   -1.22232   .4268761    -2.86   0.004    -2.059253   -.3853878
                  78  |  -.7596317   .4302047    -1.77   0.078     -1.60309    .0838268
                  79  |  -1.449889     .43151    -3.36   0.001    -2.295907   -.6038714
                      |
               nstate |
              Alaska  |   2.297905   1.615579     1.42   0.155    -.8695955    5.465406
             Arizona  |   .9043157   .7920423     1.14   0.254     -.648561    2.457192
            Arkansas  |   .7483752   .7666523     0.98   0.329     -.754722    2.251472
          California  |  -9.039522   12.34236    -0.73   0.464    -33.23794    15.15889
            Colorado  |   .8250978   .4634286     1.78   0.075    -.0834995    1.733695
         Connecticut  |   2.442577   .6827207     3.58   0.000     1.104036    3.781118
            Delaware  |   2.395048   1.542834     1.55   0.121    -.6298296    5.419925
             Florida  |  -7.611281   5.630837    -1.35   0.177    -18.65109    3.428529
             Georgia  |  -2.585775   1.967404    -1.31   0.189    -6.443064    1.271514
               Idaho  |   1.271516   1.234076     1.03   0.303    -1.148012    3.691044
            Illinois  |  -2.726351   2.901045    -0.94   0.347    -8.414135    2.961432
             Indiana  |  -.1660653   .6997179    -0.24   0.812    -1.537931    1.205801
                Iowa  |   .6409072   .7198364     0.89   0.373    -.7704029    2.052217
              Kansas  |   1.636944   .7930857     2.06   0.039     .0820218    3.191867
            Kentucky  |   2.621448   .3632281     7.22   0.000     1.909303    3.333592
           Louisiana  |   .3647872   .3295564     1.11   0.268    -.2813405    1.010915
               Maine  |   1.903166    1.35981     1.40   0.162    -.7628757    4.569208
            Maryland  |  -.1575223   .5716598    -0.28   0.783    -1.278318    .9632728
       Massachusetts  |   2.670842    .807026     3.31   0.001     1.088588    4.253096
            Michigan  |   1.948127   1.866536     1.04   0.297    -1.711401    5.607655
           Minnesota  |   .9703354   .4629085     2.10   0.036     .0627578    1.877913
         Mississippi  |   .9493002   .7742653     1.23   0.220    -.5687231    2.467324
            Missouri  |   .2475178   .5563765     0.44   0.656     -.843313    1.338349
             Montana  |   2.292816    1.49355     1.54   0.125     -.635436    5.221068
            Nebraska  |   1.701267   1.150314     1.48   0.139    -.5540364     3.95657
              Nevada  |   1.714205   .8171574     2.10   0.036     .1120873    3.316322
       New Hampshire  |   2.011572   1.371529     1.47   0.143    -.6774454    4.700589
          New Jersey  |   .7739163   1.497548     0.52   0.605    -2.162174    3.710007
          New Mexico  |   1.476162    1.09494     1.35   0.178    -.6705759      3.6229
            New York  |  -5.190896   5.350537    -0.97   0.332    -15.68115    5.299358
      North Carolina  |  -1.025457   1.912886    -0.54   0.592    -4.775858    2.724945
        North Dakota  |   2.452761   1.613378     1.52   0.129    -.7104244    5.615946
                Ohio  |   3.049993   2.448851     1.25   0.213     -1.75122    7.851207
            Oklahoma  |   .7985701   .4809032     1.66   0.097    -.1442878    1.741428
              Oregon  |   1.199589   .5021899     2.39   0.017     .2149961    2.184181
        Pennsylvania  |   -3.73331   2.874094    -1.30   0.194    -9.368254    1.901633
        Rhode Island  |   2.100587   1.489814     1.41   0.159    -.8203395    5.021514
      South Carolina  |   .3043051    .319085     0.95   0.340    -.3212923    .9299026
        South Dakota  |   2.175957      1.562     1.39   0.164    -.8864985    5.238412
           Tennessee  |   1.059367   .7012096     1.51   0.131    -.3154234    2.434157
               Texas  |  -10.06148    8.25293    -1.22   0.223    -26.24216    6.119205
                Utah  |   1.497478   .7572197     1.98   0.048     .0128745    2.982082
             Vermont  |   2.608168   1.688761     1.54   0.123    -.7028139    5.919149
            Virginia  |  -.1723594   1.338583    -0.13   0.898    -2.796784    2.452065
          Washington  |   2.375006   .9496998     2.50   0.012     .5130262    4.236986
       West Virginia  |   2.029458   1.174655     1.73   0.084    -.2735678    4.332484
           Wisconsin  |  -.3615314   .4500902    -0.80   0.422    -1.243977    .5209146
             Wyoming  |   2.225277   1.693294     1.31   0.189    -1.094593    5.545146
                      |
                _cons |  -3.022519   1.882279    -1.61   0.108    -6.712913    .6678748
      ---------------------------------------------------------------------------------
      
    19 . reg n mean_diff population i.ncandidate i.week i.nstate [aweight = population], cluster(nstate) robust
      (sum of wgt is   2.5275e+10)
      
      Linear regression                               Number of obs     =      3,871
                                                      F(47, 48)         =          .
                                                      Prob > F          =          .
                                                      R-squared         =     0.7126
                                                      Root MSE          =     1.7296
      
                                         (Std. Err. adjusted for 49 clusters in nstate)
      ---------------------------------------------------------------------------------
                      |               Robust
                    n |      Coef.   Std. Err.      t    P>|t|     [95% Conf. Interval]
      ----------------+----------------------------------------------------------------
            mean_diff |   1.355906   .8172132     1.66   0.104    -.2872112    2.999023
           population |   5.24e-07   1.01e-06     0.52   0.605    -1.50e-06    2.54e-06
                      |
           ncandidate |
               Trump  |   .1560657   .1457685     1.07   0.290    -.1370215     .449153
                      |
                 week |
                   2  |  -.4125353    .615823    -0.67   0.506     -1.65073    .8256598
                   3  |  -1.481673   .8032131    -1.84   0.071    -3.096641    .1332949
                   4  |  -.3834894   .4884885    -0.79   0.436    -1.365661    .5986825
                   5  |  -.3694331   .5094701    -0.73   0.472    -1.393791    .6549251
                   6  |  -.7934593   .3481094    -2.28   0.027     -1.49338   -.0935384
                   7  |  -.2538919    .348837    -0.73   0.470    -.9552756    .4474919
                   8  |   .0819931   .5460409     0.15   0.881    -1.015896    1.179882
                   9  |  -.0760075   .4099941    -0.19   0.854     -.900356    .7483409
                  10  |  -.4187217   .5529627    -0.76   0.453    -1.530528    .6930843
                  11  |  -.7810631   .5857813    -1.33   0.189    -1.958855    .3967292
                  12  |  -1.071725   .4397944    -2.44   0.019    -1.955991   -.1874589
                  13  |     .56709   .5670109     1.00   0.322     -.572962    1.707142
                  14  |  -.8450381   .5284188    -1.60   0.116    -1.907495    .2174191
                  15  |  -.4702001   .3376588    -1.39   0.170    -1.149109    .2087085
                  16  |  -.7272268   .3137947    -2.32   0.025    -1.358153   -.0963003
                  17  |   .0309754   .4223599     0.07   0.942    -.8182362    .8801869
                  18  |  -.9887777     .37561    -2.63   0.011    -1.743992   -.2335631
                  19  |  -1.496123   .8244321    -1.81   0.076    -3.153755     .161509
                  20  |  -1.015875   .6571674    -1.55   0.129    -2.337198    .3054489
                  21  |   .0892618   .5943188     0.15   0.881    -1.105696     1.28422
                  22  |  -1.282821   .5594118    -2.29   0.026    -2.407594   -.1580486
                  23  |   -1.08558   .3735798    -2.91   0.006    -1.836712    -.334447
                  24  |  -1.408574   .4040366    -3.49   0.001    -2.220944   -.5962034
                  25  |  -1.029783   .5777023    -1.78   0.081    -2.191331    .1317654
                  26  |  -1.569217    .575464    -2.73   0.009    -2.726265   -.4121692
                  27  |  -1.125198   .3437118    -3.27   0.002    -1.816276   -.4341186
                  28  |  -1.650069   .6110745    -2.70   0.010    -2.878717   -.4214219
                  29  |  -.5702029   .4448313    -1.28   0.206    -1.464596    .3241904
                  30  |   -.603142   .4645087    -1.30   0.200    -1.537099    .3308154
                  31  |  -.9858666   .4122527    -2.39   0.021    -1.814756   -.1569769
                  32  |  -1.208079    .463874    -2.60   0.012     -2.14076   -.2753974
                  33  |  -2.008692   .6004625    -3.35   0.002    -3.216003   -.8013812
                  34  |  -1.740439   .6202578    -2.81   0.007    -2.987551   -.4933275
                  35  |  -1.840021   .4502128    -4.09   0.000    -2.745234   -.9348072
                  36  |  -1.918352   .5367829    -3.57   0.001    -2.997627   -.8390782
                  37  |  -1.788437   .6628322    -2.70   0.010    -3.121151   -.4557237
                  38  |   -1.76065   .4286648    -4.11   0.000    -2.622538   -.8987613
                  39  |  -1.109696   .3582428    -3.10   0.003    -1.829991   -.3894005
                  40  |  -1.177046   .3385317    -3.48   0.001    -1.857709   -.4963823
                  41  |  -1.424683    .375714    -3.79   0.000    -2.180107   -.6692598
                  42  |  -.8927976   .3401465    -2.62   0.012    -1.576708   -.2088871
                  43  |  -1.421375   .4606596    -3.09   0.003    -2.347593   -.4951569
                  44  |  -.4034011   .7892519    -0.51   0.612    -1.990298    1.183496
                  45  |  -1.033497   .4596033    -2.25   0.029    -1.957592   -.1094028
                  46  |  -1.016415   .4138312    -2.46   0.018    -1.848478   -.1843514
                  47  |  -.6365857   .5174804    -1.23   0.225     -1.67705    .4038784
                  48  |  -.8530274   .5572735    -1.53   0.132    -1.973501    .2674461
                  49  |  -1.916206   .7380023    -2.60   0.012    -3.400059   -.4323524
                  50  |  -.6708522   .3671707    -1.83   0.074    -1.409098    .0673941
                  51  |  -1.674973   .6801428    -2.46   0.017    -3.042492   -.3074545
                  52  |  -.9805611   .4743431    -2.07   0.044    -1.934292   -.0268304
                  53  |  -.7935538   .6601392    -1.20   0.235    -2.120853     .533745
                  54  |   -1.56656   .6779546    -2.31   0.025    -2.929679   -.2034412
                  55  |  -1.103643    .383357    -2.88   0.006    -1.874434   -.3328525
                  56  |   -1.68267   .7607864    -2.21   0.032    -3.212334   -.1530068
                  57  |  -1.172907   .4948707    -2.37   0.022    -2.167911   -.1779023
                  58  |  -1.151501   .2734997    -4.21   0.000    -1.701409   -.6015933
                  59  |  -.9811113   .4376476    -2.24   0.030    -1.861061   -.1011619
                  60  |  -.9465391   .4016787    -2.36   0.023    -1.754168     -.13891
                  61  |  -1.354903   .6778489    -2.00   0.051     -2.71781    .0080033
                  62  |  -.6409719   .5933834    -1.08   0.285    -1.834049    .5521055
                  63  |   .1992897   .8075898     0.25   0.806    -1.424478    1.823058
                  64  |   -.087742   .5724484    -0.15   0.879    -1.238727    1.063243
                  65  |  -.9773203   .4343315    -2.25   0.029    -1.850602   -.1040384
                  66  |  -.9851192   .6040101    -1.63   0.109    -2.199563    .2293245
                  67  |  -1.373815   .5512197    -2.49   0.016    -2.482116    -.265513
                  68  |   -1.36968   .5874988    -2.33   0.024    -2.550926   -.1884347
                  69  |   -1.91383   1.072266    -1.78   0.081    -4.069766    .2421055
                  70  |  -.7897446   .4995172    -1.58   0.120    -1.794091     .214602
                  71  |  -.9081718   .4152558    -2.19   0.034    -1.743099   -.0732441
                  72  |   -.332288   .5615373    -0.59   0.557    -1.461334    .7967585
                  73  |  -.2349317   .3189934    -0.74   0.465     -.876311    .4064475
                  74  |  -.5597309    .500207    -1.12   0.269    -1.565464    .4460026
                  75  |  -1.318831   .6717066    -1.96   0.055    -2.669388    .0317251
                  76  |  -.1279142   .5373158    -0.24   0.813     -1.20826    .9524317
                  77  |   -1.22232    .493946    -2.47   0.017    -2.215465   -.2291752
                  78  |  -.7596317   .3529073    -2.15   0.036    -1.469199   -.0500641
                  79  |  -1.449889   .6895136    -2.10   0.041    -2.836249   -.0635291
                      |
               nstate |
              Alaska  |   2.297905   4.122155     0.56   0.580    -5.990242    10.58605
             Arizona  |   .9043157   2.043963     0.44   0.660    -3.205347    5.013978
            Arkansas  |   .7483752   1.897034     0.39   0.695    -3.065868    4.562619
          California  |  -9.039522   34.47869    -0.26   0.794    -78.36357    60.28453
            Colorado  |   .8250978   .6927581     1.19   0.239    -.5677858    2.217981
         Connecticut  |   2.442577   1.248894     1.96   0.056    -.0684924    4.953647
            Delaware  |   2.395048   3.893341     0.62   0.541    -5.433039    10.22313
             Florida  |  -7.611281     15.661    -0.49   0.629    -39.09983    23.87727
             Georgia  |  -2.585775    5.40516    -0.48   0.635    -13.45358    8.282027
               Idaho  |   1.271516   3.264147     0.39   0.699    -5.291492    7.834524
            Illinois  |  -2.726351   8.079453    -0.34   0.737    -18.97118    13.51848
             Indiana  |  -.1660653   1.785264    -0.09   0.926    -3.755579    3.423448
                Iowa  |   .6409072    1.76243     0.36   0.718    -2.902697    4.184511
              Kansas  |   1.636944   1.960846     0.83   0.408    -2.305601     5.57949
            Kentucky  |   2.621448   .4231719     6.19   0.000     1.770604    3.472292
           Louisiana  |   .3647872    .185954     1.96   0.056    -.0090983    .7386727
               Maine  |   1.903166   3.560262     0.53   0.595     -5.25522    9.061553
            Maryland  |  -.1575223   1.184622    -0.13   0.895    -2.539365    2.224321
       Massachusetts  |   2.670842   1.994877     1.34   0.187    -1.340127    6.681811
            Michigan  |   1.948127   5.131821     0.38   0.706    -8.370091    12.26635
           Minnesota  |   .9703354   .6812497     1.42   0.161     -.399409     2.34008
         Mississippi  |   .9493002   1.866076     0.51   0.613    -2.802698    4.701298
            Missouri  |   .2475178    1.20652     0.21   0.838    -2.178354    2.673389
             Montana  |   2.292816   3.829835     0.60   0.552    -5.407583    9.993215
            Nebraska  |   1.701267    2.97091     0.57   0.570    -4.272148    7.674682
              Nevada  |   1.714205   1.949721     0.88   0.384    -2.205972    5.634381
       New Hampshire  |   2.011572   3.524308     0.57   0.571    -5.074525    9.097668
          New Jersey  |   .7739163   4.073932     0.19   0.850    -7.417272    8.965105
          New Mexico  |   1.476162   2.769194     0.53   0.596    -4.091675       7.044
            New York  |  -5.190896   14.88703    -0.35   0.729    -35.12328    24.74149
      North Carolina  |  -1.025457   5.260763    -0.19   0.846    -11.60293    9.552017
        North Dakota  |   2.452761   4.101376     0.60   0.553    -5.793609    10.69913
                Ohio  |   3.049993   6.831962     0.45   0.657    -10.68659    16.78657
            Oklahoma  |   .7985701   .9384569     0.85   0.399    -1.088324    2.685464
              Oregon  |   1.199589   .8203966     1.46   0.150    -.4499292    2.849107
        Pennsylvania  |   -3.73331   7.956583    -0.47   0.641    -19.73109    12.26447
        Rhode Island  |   2.100587   3.795653     0.55   0.583    -5.531085    9.732259
      South Carolina  |   .3043051   .0687318     4.43   0.000     .1661105    .4424997
        South Dakota  |   2.175957   4.004229     0.54   0.589    -5.875086      10.227
           Tennessee  |   1.059367   1.769966     0.60   0.552    -2.499389    4.618122
               Texas  |  -10.06148   22.99647    -0.44   0.664    -56.29899    36.17603
                Utah  |   1.497478   1.857197     0.81   0.424    -2.236666    5.231622
             Vermont  |   2.608168   4.217852     0.62   0.539    -5.872393    11.08873
            Virginia  |  -.1723594   3.555794    -0.05   0.962    -7.321762    6.977044
          Washington  |   2.375006    2.39947     0.99   0.327    -2.449452    7.199464
       West Virginia  |   2.029458   3.031773     0.67   0.506    -4.066331    8.125246
           Wisconsin  |  -.3615314   .9076247    -0.40   0.692    -2.186433     1.46337
             Wyoming  |   2.225277   4.281428     0.52   0.606    -6.383112    10.83366
                      |
                _cons |  -3.022519   4.681313    -0.65   0.522    -12.43493    6.389892
      ---------------------------------------------------------------------------------
      
    20 . 
    21 . 
    22 . //Weighted OLS (crime rate)
    23 . reg crime_rate mean_diff i.ncandidate i.week i.nstate [aweight = population]
      (sum of wgt is   2.5275e+10)
      
            Source |       SS           df       MS      Number of obs   =     3,871
      -------------+----------------------------------   F(128, 3742)    =     19.90
             Model |  9.6920e-11       128  7.5719e-13   Prob > F        =    0.0000
          Residual |  1.4240e-10     3,742  3.8054e-14   R-squared       =    0.4050
      -------------+----------------------------------   Adj R-squared   =    0.3846
             Total |  2.3932e-10     3,870  6.1839e-14   Root MSE        =    2.0e-07
      
      ---------------------------------------------------------------------------------
           crime_rate |      Coef.   Std. Err.      t    P>|t|     [95% Conf. Interval]
      ----------------+----------------------------------------------------------------
            mean_diff |   1.13e-07   6.56e-08     1.73   0.084    -1.52e-08    2.42e-07
                      |
           ncandidate |
               Trump  |   1.92e-09   2.79e-08     0.07   0.945    -5.27e-08    5.65e-08
                      |
                 week |
                   2  |   6.03e-09   3.95e-08     0.15   0.879    -7.14e-08    8.35e-08
                   3  |  -4.73e-08   3.97e-08    -1.19   0.233    -1.25e-07    3.05e-08
                   4  |  -2.55e-08   3.95e-08    -0.64   0.520    -1.03e-07    5.21e-08
                   5  |  -1.67e-08   3.98e-08    -0.42   0.674    -9.48e-08    6.13e-08
                   6  |  -4.06e-08   3.99e-08    -1.02   0.309    -1.19e-07    3.76e-08
                   7  |  -3.47e-08   4.02e-08    -0.86   0.388    -1.13e-07    4.41e-08
                   8  |  -6.68e-10   4.06e-08    -0.02   0.987    -8.03e-08    7.90e-08
                   9  |   1.00e-08   4.04e-08     0.25   0.804    -6.93e-08    8.93e-08
                  10  |  -5.85e-08   4.04e-08    -1.45   0.148    -1.38e-07    2.07e-08
                  11  |  -3.19e-08   4.06e-08    -0.79   0.432    -1.12e-07    4.77e-08
                  12  |  -4.53e-08   4.03e-08    -1.12   0.261    -1.24e-07    3.37e-08
                  13  |   1.67e-08   4.08e-08     0.41   0.682    -6.33e-08    9.68e-08
                  14  |  -3.53e-08   4.11e-08    -0.86   0.390    -1.16e-07    4.53e-08
                  15  |  -2.22e-08   4.10e-08    -0.54   0.588    -1.03e-07    5.82e-08
                  16  |  -6.53e-08   4.14e-08    -1.58   0.115    -1.46e-07    1.59e-08
                  17  |  -1.39e-08   4.12e-08    -0.34   0.735    -9.47e-08    6.68e-08
                  18  |  -7.00e-08   4.11e-08    -1.70   0.089    -1.51e-07    1.07e-08
                  19  |  -7.80e-08   4.09e-08    -1.91   0.057    -1.58e-07    2.24e-09
                  20  |  -5.24e-08   4.08e-08    -1.28   0.200    -1.32e-07    2.77e-08
                  21  |  -1.00e-08   4.11e-08    -0.24   0.807    -9.07e-08    7.06e-08
                  22  |  -7.53e-08   4.10e-08    -1.83   0.067    -1.56e-07    5.16e-09
                  23  |  -8.25e-08   4.11e-08    -2.01   0.045    -1.63e-07   -1.85e-09
                  24  |  -1.23e-07   4.10e-08    -2.99   0.003    -2.03e-07   -4.22e-08
                  25  |  -3.65e-08   4.08e-08    -0.90   0.371    -1.17e-07    4.35e-08
                  26  |  -7.72e-08   4.08e-08    -1.89   0.058    -1.57e-07    2.75e-09
                  27  |  -8.42e-08   4.09e-08    -2.06   0.039    -1.64e-07   -4.05e-09
                  28  |  -8.21e-08   4.10e-08    -2.00   0.046    -1.63e-07   -1.64e-09
                  29  |  -2.84e-08   4.15e-08    -0.68   0.494    -1.10e-07    5.30e-08
                  30  |  -6.36e-08   4.17e-08    -1.53   0.127    -1.45e-07    1.81e-08
                  31  |  -9.40e-08   4.15e-08    -2.27   0.023    -1.75e-07   -1.27e-08
                  32  |  -9.39e-08   4.15e-08    -2.26   0.024    -1.75e-07   -1.26e-08
                  33  |  -1.34e-07   4.14e-08    -3.24   0.001    -2.15e-07   -5.32e-08
                  34  |  -1.36e-07   4.16e-08    -3.26   0.001    -2.17e-07   -5.40e-08
                  35  |  -1.42e-07   4.17e-08    -3.41   0.001    -2.24e-07   -6.04e-08
                  36  |  -1.32e-07   4.13e-08    -3.19   0.001    -2.13e-07   -5.08e-08
                  37  |  -1.23e-07   4.15e-08    -2.97   0.003    -2.05e-07   -4.20e-08
                  38  |  -1.38e-07   4.14e-08    -3.35   0.001    -2.20e-07   -5.73e-08
                  39  |  -8.65e-08   4.10e-08    -2.11   0.035    -1.67e-07   -6.06e-09
                  40  |  -1.02e-07   4.15e-08    -2.45   0.014    -1.83e-07   -2.05e-08
                  41  |  -1.18e-07   4.17e-08    -2.84   0.005    -2.00e-07   -3.66e-08
                  42  |  -9.37e-08   4.24e-08    -2.21   0.027    -1.77e-07   -1.07e-08
                  43  |  -1.26e-07   4.34e-08    -2.91   0.004    -2.11e-07   -4.12e-08
                  44  |  -8.54e-08   4.33e-08    -1.97   0.049    -1.70e-07   -5.22e-10
                  45  |  -8.59e-08   4.34e-08    -1.98   0.048    -1.71e-07   -7.76e-10
                  46  |  -7.51e-08   4.31e-08    -1.74   0.082    -1.60e-07    9.43e-09
                  47  |  -8.49e-08   4.32e-08    -1.97   0.049    -1.69e-07   -2.49e-10
                  48  |  -1.12e-07   4.36e-08    -2.56   0.011    -1.97e-07   -2.60e-08
                  49  |  -1.08e-07   4.44e-08    -2.44   0.015    -1.95e-07   -2.12e-08
                  50  |  -8.11e-08   4.46e-08    -1.82   0.069    -1.68e-07    6.32e-09
                  51  |  -9.12e-08   4.48e-08    -2.03   0.042    -1.79e-07   -3.32e-09
                  52  |  -9.94e-08   4.45e-08    -2.24   0.025    -1.87e-07   -1.22e-08
                  53  |  -5.49e-08   4.34e-08    -1.26   0.206    -1.40e-07    3.03e-08
                  54  |  -8.12e-08   4.38e-08    -1.85   0.064    -1.67e-07    4.64e-09
                  55  |  -1.10e-07   4.39e-08    -2.50   0.013    -1.96e-07   -2.36e-08
                  56  |  -9.94e-08   4.45e-08    -2.24   0.025    -1.87e-07   -1.22e-08
                  57  |  -1.24e-07   4.53e-08    -2.74   0.006    -2.13e-07   -3.54e-08
                  58  |  -9.20e-08   4.50e-08    -2.05   0.041    -1.80e-07   -3.81e-09
                  59  |  -9.38e-08   4.46e-08    -2.10   0.036    -1.81e-07   -6.29e-09
                  60  |  -7.66e-08   4.42e-08    -1.73   0.083    -1.63e-07    1.01e-08
                  61  |  -6.10e-08   4.42e-08    -1.38   0.167    -1.48e-07    2.56e-08
                  62  |  -3.38e-08   4.53e-08    -0.75   0.455    -1.23e-07    5.49e-08
                  63  |   1.79e-08   4.56e-08     0.39   0.695    -7.16e-08    1.07e-07
                  64  |  -1.10e-08   4.50e-08    -0.24   0.807    -9.92e-08    7.72e-08
                  65  |  -7.60e-08   4.68e-08    -1.63   0.104    -1.68e-07    1.57e-08
                  66  |  -1.43e-08   4.50e-08    -0.32   0.752    -1.03e-07    7.41e-08
                  67  |  -8.57e-08   4.50e-08    -1.91   0.057    -1.74e-07    2.49e-09
                  68  |  -5.24e-08   4.52e-08    -1.16   0.247    -1.41e-07    3.63e-08
                  69  |  -1.02e-07   4.44e-08    -2.30   0.021    -1.89e-07   -1.52e-08
                  70  |  -7.05e-08   4.51e-08    -1.56   0.118    -1.59e-07    1.79e-08
                  71  |  -6.05e-08   4.58e-08    -1.32   0.187    -1.50e-07    2.93e-08
                  72  |  -5.71e-08   4.57e-08    -1.25   0.212    -1.47e-07    3.25e-08
                  73  |  -2.25e-08   4.66e-08    -0.48   0.628    -1.14e-07    6.87e-08
                  74  |  -2.72e-08   4.61e-08    -0.59   0.555    -1.18e-07    6.32e-08
                  75  |  -8.06e-08   4.62e-08    -1.74   0.081    -1.71e-07    1.00e-08
                  76  |  -3.84e-08   4.67e-08    -0.82   0.410    -1.30e-07    5.30e-08
                  77  |  -6.96e-08   4.76e-08    -1.46   0.144    -1.63e-07    2.38e-08
                  78  |  -5.21e-08   4.80e-08    -1.08   0.278    -1.46e-07    4.21e-08
                  79  |  -5.25e-08   4.82e-08    -1.09   0.276    -1.47e-07    4.19e-08
                      |
               nstate |
              Alaska  |   2.20e-07   7.19e-08     3.06   0.002     7.89e-08    3.61e-07
             Arizona  |   2.75e-07   3.32e-08     8.26   0.000     2.10e-07    3.40e-07
            Arkansas  |  -2.36e-08   4.16e-08    -0.57   0.571    -1.05e-07    5.79e-08
          California  |   2.13e-07   4.50e-08     4.73   0.000     1.24e-07    3.01e-07
            Colorado  |   1.69e-07   4.51e-08     3.75   0.000     8.07e-08    2.58e-07
         Connecticut  |   3.61e-07   5.55e-08     6.50   0.000     2.52e-07    4.70e-07
            Delaware  |   1.64e-07   7.00e-08     2.34   0.019     2.68e-08    3.01e-07
             Florida  |  -9.47e-09   2.86e-08    -0.33   0.741    -6.56e-08    4.66e-08
             Georgia  |   1.63e-09   3.14e-08     0.05   0.959    -5.99e-08    6.32e-08
               Idaho  |   6.42e-08   5.44e-08     1.18   0.238    -4.24e-08    1.71e-07
            Illinois  |   7.74e-08   4.38e-08     1.77   0.077    -8.39e-09    1.63e-07
             Indiana  |   9.50e-08   3.39e-08     2.80   0.005     2.85e-08    1.62e-07
                Iowa  |  -2.17e-08   4.14e-08    -0.52   0.601    -1.03e-07    5.96e-08
              Kansas  |   2.46e-07   4.16e-08     5.91   0.000     1.64e-07    3.27e-07
            Kentucky  |   5.35e-07   3.70e-08    14.48   0.000     4.63e-07    6.08e-07
           Louisiana  |   5.54e-08   3.64e-08     1.52   0.127    -1.58e-08    1.27e-07
               Maine  |   2.32e-07   5.51e-08     4.21   0.000     1.24e-07    3.40e-07
            Maryland  |   3.08e-08   4.47e-08     0.69   0.490    -5.67e-08    1.18e-07
       Massachusetts  |   5.04e-07   4.36e-08    11.55   0.000     4.19e-07    5.90e-07
            Michigan  |   4.29e-07   3.79e-08    11.32   0.000     3.55e-07    5.04e-07
           Minnesota  |   2.09e-07   4.46e-08     4.67   0.000     1.21e-07    2.96e-07
         Mississippi  |  -1.93e-08   4.18e-08    -0.46   0.644    -1.01e-07    6.27e-08
            Missouri  |   1.60e-07   3.69e-08     4.35   0.000     8.82e-08    2.33e-07
             Montana  |   3.22e-07   6.68e-08     4.82   0.000     1.91e-07    4.52e-07
            Nebraska  |   1.32e-07   4.80e-08     2.75   0.006     3.79e-08    2.26e-07
              Nevada  |   2.02e-07   4.62e-08     4.38   0.000     1.12e-07    2.93e-07
       New Hampshire  |   1.45e-07   6.03e-08     2.41   0.016     2.71e-08    2.64e-07
          New Jersey  |   2.84e-07   4.31e-08     6.58   0.000     1.99e-07    3.68e-07
          New Mexico  |   1.12e-08   5.22e-08     0.22   0.829    -9.11e-08    1.14e-07
            New York  |   9.16e-08   3.98e-08     2.30   0.022     1.35e-08    1.70e-07
      North Carolina  |   1.49e-07   3.12e-08     4.77   0.000     8.76e-08    2.10e-07
        North Dakota  |   3.44e-07   7.03e-08     4.90   0.000     2.07e-07    4.82e-07
                Ohio  |   5.41e-07   3.27e-08    16.55   0.000     4.77e-07    6.05e-07
            Oklahoma  |   7.75e-08   3.82e-08     2.03   0.043     2.59e-09    1.52e-07
              Oregon  |   1.86e-07   4.72e-08     3.95   0.000     9.39e-08    2.79e-07
        Pennsylvania  |   3.63e-09   3.04e-08     0.12   0.905    -5.59e-08    6.32e-08
        Rhode Island  |   3.72e-08   6.66e-08     0.56   0.577    -9.33e-08    1.68e-07
      South Carolina  |   7.18e-08   3.59e-08     2.00   0.045     1.51e-09    1.42e-07
        South Dakota  |   1.31e-07   6.61e-08     1.98   0.048     1.36e-09    2.60e-07
           Tennessee  |   2.88e-07   3.35e-08     8.60   0.000     2.22e-07    3.54e-07
               Texas  |   3.37e-08   2.76e-08     1.22   0.222    -2.04e-08    8.78e-08
                Utah  |   2.13e-07   4.12e-08     5.17   0.000     1.32e-07    2.93e-07
             Vermont  |   3.60e-07   8.12e-08     4.44   0.000     2.01e-07    5.19e-07
            Virginia  |   1.70e-07   4.27e-08     3.97   0.000     8.59e-08    2.53e-07
          Washington  |   4.73e-07   4.34e-08    10.89   0.000     3.88e-07    5.58e-07
       West Virginia  |   2.85e-07   4.87e-08     5.86   0.000     1.90e-07    3.81e-07
           Wisconsin  |   1.74e-08   3.46e-08     0.50   0.616    -5.05e-08    8.52e-08
             Wyoming  |   7.54e-08   7.79e-08     0.97   0.333    -7.73e-08    2.28e-07
                      |
                _cons |  -1.51e-08   7.48e-08    -0.20   0.840    -1.62e-07    1.32e-07
      ---------------------------------------------------------------------------------
      
    24 . reg crime_rate mean_diff i.ncandidate i.week i.nstate [aweight = population], cluster(nstate) robust
      (sum of wgt is   2.5275e+10)
      
      Linear regression                               Number of obs     =      3,871
                                                      F(47, 48)         =          .
                                                      Prob > F          =          .
                                                      R-squared         =     0.4050
                                                      Root MSE          =     2.0e-07
      
                                         (Std. Err. adjusted for 49 clusters in nstate)
      ---------------------------------------------------------------------------------
                      |               Robust
           crime_rate |      Coef.   Std. Err.      t    P>|t|     [95% Conf. Interval]
      ----------------+----------------------------------------------------------------
            mean_diff |   1.13e-07   7.68e-08     1.48   0.146    -4.10e-08    2.68e-07
                      |
           ncandidate |
               Trump  |   1.92e-09   1.75e-08     0.11   0.913    -3.33e-08    3.72e-08
                      |
                 week |
                   2  |   6.03e-09   4.43e-08     0.14   0.892    -8.31e-08    9.51e-08
                   3  |  -4.73e-08   4.35e-08    -1.09   0.283    -1.35e-07    4.02e-08
                   4  |  -2.55e-08   3.82e-08    -0.67   0.508    -1.02e-07    5.13e-08
                   5  |  -1.67e-08   4.44e-08    -0.38   0.708    -1.06e-07    7.26e-08
                   6  |  -4.06e-08   3.65e-08    -1.11   0.271    -1.14e-07    3.27e-08
                   7  |  -3.47e-08   3.23e-08    -1.07   0.288    -9.96e-08    3.02e-08
                   8  |  -6.68e-10   4.09e-08    -0.02   0.987    -8.29e-08    8.16e-08
                   9  |   1.00e-08   3.87e-08     0.26   0.797    -6.77e-08    8.78e-08
                  10  |  -5.85e-08   3.59e-08    -1.63   0.110    -1.31e-07    1.37e-08
                  11  |  -3.19e-08   4.65e-08    -0.69   0.496    -1.25e-07    6.16e-08
                  12  |  -4.53e-08   3.55e-08    -1.28   0.208    -1.17e-07    2.61e-08
                  13  |   1.67e-08   3.08e-08     0.54   0.590    -4.52e-08    7.87e-08
                  14  |  -3.53e-08   3.62e-08    -0.97   0.335    -1.08e-07    3.75e-08
                  15  |  -2.22e-08   3.24e-08    -0.69   0.496    -8.74e-08    4.29e-08
                  16  |  -6.53e-08   3.52e-08    -1.86   0.070    -1.36e-07    5.42e-09
                  17  |  -1.39e-08   4.09e-08    -0.34   0.735    -9.62e-08    6.83e-08
                  18  |  -7.00e-08   3.63e-08    -1.93   0.060    -1.43e-07    3.08e-09
                  19  |  -7.80e-08   4.86e-08    -1.60   0.115    -1.76e-07    1.98e-08
                  20  |  -5.24e-08   4.31e-08    -1.22   0.230    -1.39e-07    3.42e-08
                  21  |  -1.00e-08   3.49e-08    -0.29   0.775    -8.01e-08    6.01e-08
                  22  |  -7.53e-08   3.61e-08    -2.09   0.042    -1.48e-07   -2.79e-09
                  23  |  -8.25e-08   3.94e-08    -2.10   0.041    -1.62e-07   -3.33e-09
                  24  |  -1.23e-07   3.61e-08    -3.39   0.001    -1.95e-07   -5.00e-08
                  25  |  -3.65e-08   4.49e-08    -0.81   0.419    -1.27e-07    5.36e-08
                  26  |  -7.72e-08   3.71e-08    -2.08   0.043    -1.52e-07   -2.61e-09
                  27  |  -8.42e-08   3.54e-08    -2.38   0.021    -1.55e-07   -1.30e-08
                  28  |  -8.21e-08   4.58e-08    -1.79   0.079    -1.74e-07    9.90e-09
                  29  |  -2.84e-08   3.80e-08    -0.75   0.459    -1.05e-07    4.80e-08
                  30  |  -6.36e-08   4.20e-08    -1.51   0.137    -1.48e-07    2.09e-08
                  31  |  -9.40e-08   4.06e-08    -2.32   0.025    -1.76e-07   -1.24e-08
                  32  |  -9.39e-08   4.03e-08    -2.33   0.024    -1.75e-07   -1.28e-08
                  33  |  -1.34e-07   3.12e-08    -4.30   0.000    -1.97e-07   -7.15e-08
                  34  |  -1.36e-07   4.17e-08    -3.25   0.002    -2.20e-07   -5.18e-08
                  35  |  -1.42e-07   3.64e-08    -3.91   0.000    -2.15e-07   -6.89e-08
                  36  |  -1.32e-07   3.63e-08    -3.62   0.001    -2.05e-07   -5.87e-08
                  37  |  -1.23e-07   4.09e-08    -3.01   0.004    -2.06e-07   -4.10e-08
                  38  |  -1.38e-07   3.52e-08    -3.93   0.000    -2.09e-07   -6.76e-08
                  39  |  -8.65e-08   3.44e-08    -2.51   0.015    -1.56e-07   -1.73e-08
                  40  |  -1.02e-07   3.53e-08    -2.89   0.006    -1.73e-07   -3.09e-08
                  41  |  -1.18e-07   3.21e-08    -3.68   0.001    -1.83e-07   -5.37e-08
                  42  |  -9.37e-08   4.32e-08    -2.17   0.035    -1.81e-07   -6.87e-09
                  43  |  -1.26e-07   4.10e-08    -3.08   0.003    -2.09e-07   -4.37e-08
                  44  |  -8.54e-08   4.45e-08    -1.92   0.061    -1.75e-07    3.98e-09
                  45  |  -8.59e-08   3.92e-08    -2.19   0.033    -1.65e-07   -7.03e-09
                  46  |  -7.51e-08   4.25e-08    -1.77   0.084    -1.61e-07    1.04e-08
                  47  |  -8.49e-08   4.51e-08    -1.88   0.066    -1.76e-07    5.90e-09
                  48  |  -1.12e-07   4.28e-08    -2.60   0.012    -1.98e-07   -2.54e-08
                  49  |  -1.08e-07   4.42e-08    -2.45   0.018    -1.97e-07   -1.95e-08
                  50  |  -8.11e-08   3.59e-08    -2.26   0.029    -1.53e-07   -8.82e-09
                  51  |  -9.12e-08   5.34e-08    -1.71   0.094    -1.99e-07    1.62e-08
                  52  |  -9.94e-08   3.86e-08    -2.58   0.013    -1.77e-07   -2.18e-08
                  53  |  -5.49e-08   3.75e-08    -1.46   0.150    -1.30e-07    2.06e-08
                  54  |  -8.12e-08   3.95e-08    -2.06   0.045    -1.61e-07   -1.86e-09
                  55  |  -1.10e-07   3.62e-08    -3.03   0.004    -1.82e-07   -3.70e-08
                  56  |  -9.94e-08   3.80e-08    -2.61   0.012    -1.76e-07   -2.30e-08
                  57  |  -1.24e-07   3.72e-08    -3.34   0.002    -1.99e-07   -4.94e-08
                  58  |  -9.20e-08   3.35e-08    -2.75   0.008    -1.59e-07   -2.46e-08
                  59  |  -9.38e-08   3.36e-08    -2.79   0.007    -1.61e-07   -2.63e-08
                  60  |  -7.66e-08   3.85e-08    -1.99   0.053    -1.54e-07    8.63e-10
                  61  |  -6.10e-08   4.17e-08    -1.47   0.149    -1.45e-07    2.27e-08
                  62  |  -3.38e-08   4.05e-08    -0.83   0.409    -1.15e-07    4.77e-08
                  63  |   1.79e-08   4.81e-08     0.37   0.712    -7.89e-08    1.15e-07
                  64  |  -1.10e-08   3.56e-08    -0.31   0.759    -8.26e-08    6.06e-08
                  65  |  -7.60e-08   4.49e-08    -1.69   0.097    -1.66e-07    1.42e-08
                  66  |  -1.43e-08   4.68e-08    -0.30   0.762    -1.08e-07    7.98e-08
                  67  |  -8.57e-08   3.79e-08    -2.26   0.028    -1.62e-07   -9.54e-09
                  68  |  -5.24e-08   4.26e-08    -1.23   0.225    -1.38e-07    3.33e-08
                  69  |  -1.02e-07   4.73e-08    -2.16   0.036    -1.97e-07   -6.94e-09
                  70  |  -7.05e-08   3.96e-08    -1.78   0.081    -1.50e-07    9.08e-09
                  71  |  -6.05e-08   3.72e-08    -1.63   0.110    -1.35e-07    1.43e-08
                  72  |  -5.71e-08   3.50e-08    -1.63   0.110    -1.27e-07    1.33e-08
                  73  |  -2.25e-08   3.55e-08    -0.63   0.529    -9.39e-08    4.89e-08
                  74  |  -2.72e-08   4.54e-08    -0.60   0.552    -1.18e-07    6.41e-08
                  75  |  -8.06e-08   4.43e-08    -1.82   0.075    -1.70e-07    8.42e-09
                  76  |  -3.84e-08   3.92e-08    -0.98   0.332    -1.17e-07    4.04e-08
                  77  |  -6.96e-08   4.02e-08    -1.73   0.090    -1.50e-07    1.13e-08
                  78  |  -5.21e-08   3.91e-08    -1.33   0.189    -1.31e-07    2.65e-08
                  79  |  -5.25e-08   4.60e-08    -1.14   0.259    -1.45e-07    4.00e-08
                      |
               nstate |
              Alaska  |   2.20e-07   1.07e-08    20.54   0.000     1.98e-07    2.41e-07
             Arizona  |   2.75e-07   1.53e-09   179.15   0.000     2.72e-07    2.78e-07
            Arkansas  |  -2.36e-08   6.07e-09    -3.88   0.000    -3.58e-08   -1.14e-08
          California  |   2.13e-07   3.02e-08     7.03   0.000     1.52e-07    2.74e-07
            Colorado  |   1.69e-07   1.83e-08     9.24   0.000     1.32e-07    2.06e-07
         Connecticut  |   3.61e-07   3.53e-08    10.22   0.000     2.90e-07    4.32e-07
            Delaware  |   1.64e-07   2.13e-08     7.71   0.000     1.21e-07    2.07e-07
             Florida  |  -9.47e-09   4.96e-09    -1.91   0.062    -1.94e-08    5.13e-10
             Georgia  |   1.63e-09   6.56e-09     0.25   0.805    -1.16e-08    1.48e-08
               Idaho  |   6.42e-08   2.41e-08     2.66   0.011     1.57e-08    1.13e-07
            Illinois  |   7.74e-08   2.39e-08     3.24   0.002     2.93e-08    1.25e-07
             Indiana  |   9.50e-08   6.32e-09    15.04   0.000     8.23e-08    1.08e-07
                Iowa  |  -2.17e-08   9.37e-09    -2.31   0.025    -4.05e-08   -2.84e-09
              Kansas  |   2.46e-07   9.62e-10   255.30   0.000     2.44e-07    2.48e-07
            Kentucky  |   5.35e-07   3.89e-09   137.71   0.000     5.28e-07    5.43e-07
           Louisiana  |   5.54e-08   1.48e-09    37.35   0.000     5.25e-08    5.84e-08
               Maine  |   2.32e-07   6.26e-09    37.04   0.000     2.19e-07    2.45e-07
            Maryland  |   3.08e-08   1.85e-08     1.67   0.102    -6.37e-09    6.80e-08
       Massachusetts  |   5.04e-07   1.78e-08    28.31   0.000     4.68e-07    5.40e-07
            Michigan  |   4.29e-07   1.38e-08    31.07   0.000     4.02e-07    4.57e-07
           Minnesota  |   2.09e-07   1.76e-08    11.82   0.000     1.73e-07    2.44e-07
         Mississippi  |  -1.93e-08   8.29e-09    -2.33   0.024    -3.60e-08   -2.68e-09
            Missouri  |   1.60e-07   1.64e-08     9.78   0.000     1.27e-07    1.93e-07
             Montana  |   3.22e-07   1.77e-08    18.18   0.000     2.86e-07    3.57e-07
            Nebraska  |   1.32e-07   2.04e-09    64.67   0.000     1.28e-07    1.36e-07
              Nevada  |   2.02e-07   1.33e-08    15.22   0.000     1.76e-07    2.29e-07
       New Hampshire  |   1.45e-07   1.60e-08     9.07   0.000     1.13e-07    1.78e-07
          New Jersey  |   2.84e-07   1.95e-08    14.57   0.000     2.45e-07    3.23e-07
          New Mexico  |   1.12e-08   1.51e-08     0.74   0.461    -1.91e-08    4.16e-08
            New York  |   9.16e-08   1.75e-08     5.22   0.000     5.63e-08    1.27e-07
      North Carolina  |   1.49e-07   4.22e-09    35.25   0.000     1.40e-07    1.57e-07
        North Dakota  |   3.44e-07   1.32e-08    26.15   0.000     3.18e-07    3.71e-07
                Ohio  |   5.41e-07   1.44e-08    37.59   0.000     5.12e-07    5.70e-07
            Oklahoma  |   7.75e-08   3.72e-09    20.80   0.000     7.00e-08    8.50e-08
              Oregon  |   1.86e-07   1.95e-08     9.58   0.000     1.47e-07    2.26e-07
        Pennsylvania  |   3.63e-09   5.69e-09     0.64   0.527    -7.81e-09    1.51e-08
        Rhode Island  |   3.72e-08   1.81e-08     2.06   0.045     8.26e-10    7.35e-08
      South Carolina  |   7.18e-08   1.39e-09    51.77   0.000     6.90e-08    7.46e-08
        South Dakota  |   1.31e-07   8.84e-09    14.81   0.000     1.13e-07    1.49e-07
           Tennessee  |   2.88e-07   1.80e-10  1597.07   0.000     2.88e-07    2.88e-07
               Texas  |   3.37e-08   8.84e-10    38.17   0.000     3.20e-08    3.55e-08
                Utah  |   2.13e-07   2.26e-09    94.27   0.000     2.08e-07    2.17e-07
             Vermont  |   3.60e-07   2.07e-08    17.40   0.000     3.19e-07    4.02e-07
            Virginia  |   1.70e-07   1.94e-08     8.73   0.000     1.31e-07    2.09e-07
          Washington  |   4.73e-07   1.95e-08    24.30   0.000     4.34e-07    5.12e-07
       West Virginia  |   2.85e-07   3.73e-09    76.45   0.000     2.78e-07    2.93e-07
           Wisconsin  |   1.74e-08   2.84e-09     6.12   0.000     1.17e-08    2.31e-08
             Wyoming  |   7.54e-08   7.80e-09     9.67   0.000     5.97e-08    9.11e-08
                      |
                _cons |  -1.51e-08   7.49e-08    -0.20   0.841    -1.66e-07    1.36e-07
      ---------------------------------------------------------------------------------
      
    25 . 
    26 . translate @Results Reg_racial.txt
